125	125	125	125
250	250	250	250
500	500	500	500
221.49	221.49	221.27	221.49
107.14	107.14	107.14	107.14
100.97	100.97	100.97	100.97
202.76	202.76	202.76	202.76
0.010536	0	0.6444	0
70.734	70.734	70.726	70.734
70.733	70.734	70.726	70.734
70.733	70.734	70.726	70.734
34.194	34.194	34.194	34.194
0.00099737	0.00055098	0.00017827	0
0.00099737	0.00055098	0.00017827	0
33.532	33.532	33.532	33.532
67.726	67.726	67.726	67.726
33.257	33.257	33.257	33.257
100.98	100.98	100.98	100.98
3.0082	3.0083	3.0004	3.0083
3.0083	3.0083	3.0083	3.0083
3.0083	3.0083	3.0083	3.0083
1.491	1.491	1.491	1.491
1.5042	1.5042	1.5042	1.5042
0.013195	0.013195	0.013195	0.013195
0	0	2.0824e-13	0
0.013195	0.013195	0.013195	0.013195
0	0	0	0
0	0	0	0
0	0	0	0
0	0	0	2.6551e-17
0	0	0	0
0	0	0	0
0	0	0	0
4.234	4.2339	4.2418	4.2339
4.234	4.2339	4.2418	4.2339
4.234	4.2339	4.2418	4.2339
0	0	0	0
3.9522e-18	-8.7732e-17	-2.025e-17	6.9473e-15
4.018	4.0179	4.0259	4.0179
4.015	4.015	4.015	4.015
4.015	4.015	4.015	4.015
0.21593	0.21593	0.21593	0.21593
0.21593	0.21593	0.21593	0.21593
-0.032583	-0.032583	-0.032583	-0.032583
0.093437	0.093437	0.093437	0.093437
0	0	0	0
0.0029195	0.0029195	0.0029195	0.0029195
0.0029195	0.0029195	0.0029195	0.0029195
1.8818	1.8818	1.8818	1.8818
1.8818	1.8818	1.8818	1.8818
0	0	0	0
3.0561	3.0412	3.0803	2.5168
0	0	0	0
-9.3453	-9.3453	-9.3453	-9.3453
-9.3486	-9.4743	-9.5149	-9.3453
-9.3486	-9.4743	-9.5149	-9.3453
-18.718	-18.718	-18.718	-18.718
18.718	18.718	18.718	18.718
0	0	0	0
0	0	0	0
0	0	0	0
-202.75	-202.76	-202.12	-202.76
8.3069	8.1812	8.1405	8.3101
8.3069	8.1812	8.1405	8.3101
0	0	0	0
0.88814	0.88814	0.88814	0.88814
2.6272	2.6272	2.6272	2.6272
2.6272	2.6272	2.6272	2.6272
2.6272	2.6272	2.6272	2.6272
2.6272	2.6272	2.6272	2.6272
2.6272	2.6272	2.6272	2.6272
2.0833	2.0382	2.0593	0
2.1134	2.0833	2.0801	2.125
0.0013347	0.28618	0.73654	0
0	-1.6962e-27	2.7786e-27	0
0	0	0	0
3.6047e-23	0	0	0
0.33983	0.33983	0.33983	0.33983
0	0	0	0
4.3379	4.5791	4.1345	-8.8695
8.6543	8.6543	8.6543	8.6543
9.0053	9.0053	9.0053	9.0053
4.5026	4.5026	4.5026	4.5026
22.162	22.162	22.162	22.162
0.010328	0.010328	0.010328	0.010328
0.010328	0.010328	0.010328	0.010328
0	-4.492e-27	0	0
-1.2159e-23	1.3654e-26	0	5.5708e-16
0	0	0	0
1.69	1.69	1.69	1.69
1.69	1.69	1.69	1.69
1.69	1.69	1.69	1.69
1.69	1.69	1.69	1.69
2.1548e-27	0	0	2.5289e-09
2.025e-27	0	0	2.5289e-09
2.933e-27	-3.6821e-27	0	2.5289e-09
-4.2526e-27	3.7481e-26	3.5095e-26	2.5289e-09
0	0	0	0
0	0	0	0
200.96	200.69	199.1	195.06
-200.96	-200.69	-199.1	-195.06
-33.531	-33.531	-33.532	-33.532
0.6621	0.6621	0.6621	0.6621
0.6621	0.6621	0.6621	0.6621
0.6621	0.6621	0.6621	0.6621
0.6621	0.6621	0.6621	0.6621
0.66019	0.66019	0.66019	0.66019
0.66019	0.66019	0.66019	0.66019
0.66019	0.66019	0.66019	0.66019
0.27489	0.27489	0.27489	0.27489
-6.0997	-6.0997	-6.0997	-6.0997
0	0	0	0
0	0	0	0
7.0204	7.0204	7.0205	7.0204
13.743	13.797	13.567	0
1.0722e-16	-3.1882e-17	0.00011202	0
0.0037442	0.17562	0.00025462	7.3278e-09
0	0	0	0
1.1866e-12	0	-1.7638e-25	0
0.041659	0.086783	0.065661	2.125
-4.7725e-12	0	-1.7337e-25	0
0.011618	0.04167	0.044941	0
0	0	0	2.3891e-17
6.4823e-05	0.00039868	0	5.3181e-09
0.00019543	0.00031852	0	0
0	0	0	2.3891e-17
1.7786	1.4933	1.0436	1.7802
0.34482	0.34482	0.34482	0.34482
0.34482	0.34482	0.34482	0.34482
0.50217	0.50217	0.50217	0.50217
4.9167	4.9167	4.9167	4.9167
3.9439	3.9439	3.9439	3.9439
3.9439	3.9439	3.9439	3.9439
2.9765	2.9765	2.9765	2.9765
4.3903	4.3903	4.3903	4.3903
0	0	0	0
0.18876	0.18876	0.18876	0.18876
0.18876	0.18876	0.18876	0.18876
0.0035033	0.0035033	0.0035033	0.0035033
0.010865	0.010865	0.010865	0.010865
-2.0794e-24	2.2088e-24	0	0
0	1.8239e-19	0	1.1155e-29
0	0	0	0
-2.1435e-24	5.729e-27	0	3.3233e-30
0.0080716	0.0081684	0.033205	0
9.331	9.3309	9.3059	9.3391
9.3391	9.3391	9.3391	9.3391
0.32732	0.32732	0.32732	0.32732
0.32732	0.32732	0.32732	0.32732
0.32732	0.32732	0.32732	0.32732
0.32732	0.32732	0.32732	0.32732
9.3453	9.3453	9.3453	9.3453
4.3471	4.3471	4.3471	4.3471
1.1645e-16	-5.2934e-13	-1.463e-12	-6.621e-30
28.042	28.079	27.941	13.77
-26.87	-26.91	-26.668	-12.604
0.40002	0.40002	0.40002	0.40002
0.40002	0.40002	0.40002	0.40002
0.40002	0.40002	0.40002	0.40002
0.40002	0.40002	0.40002	0.40002
0.40315	0.40315	0.40315	0.40315
0.39199	0.39199	0.39199	0.39199
0.39199	0.39199	0.39199	0.39199
0.39199	0.39199	0.39199	0.39199
0.58075	0.58075	0.58075	0.58075
0.3567	0.3567	0.3567	0.3567
-26.004	-25.993	-26.002	-11.736
7.0204	7.0204	7.0204	7.0204
0	0	0	0
26.872	26.86	26.87	12.604
0	0	0	0
0.15735	0.15735	0.15735	0.15735
0.16997	0.16997	0.16997	0.16997
0	0	0	0
0.15735	0.15735	0.15735	0.15735
0.16997	0.16997	0.16997	0.16997
0	0	0	0
10.944	10.533	10.194	10.949
23.62	23.66	23.418	9.3534
0	0	0	0
0.0049278	0.41699	0.53	0
0.00028211	-2.282e-19	0.2257	0
0.0072447	0.65547	0.87776	0
27.417	26.931	26.684	13.153
0.0049165	0.1273	0.34381	0
0.0004752	0.0004752	0.0004752	0.0004752
-0.0059183	-0.0027682	-0.10663	-1.6008e-28
0.0059183	0.0027682	0.10663	0
0	0	0	0
0.62439	0.62439	0.62439	0.62439
11.627	11.627	11.627	11.627
0	0	0	0
4.5894	4.5894	4.5894	4.5894
4.5894	4.5894	4.5894	4.5894
0.010328	0.010328	0.010328	0.010328
0.0051642	0.0051642	0.0051642	0.0051642
0	0	0	0
0	0	0	0
0.010328	0.010328	0.010328	0.010328
0.1681	0.1681	0.1681	0.1681
0.1681	0.1681	0.1681	0.1681
0.1681	0.1681	0.1681	0.1681
0.1681	0.1681	0.1681	0.1681
0.1681	0.1681	0.1681	0.1681
0.1681	0.1681	0.1681	0.1681
0.1681	0.1681	0.1681	0.1681
0.1681	0.1681	0.1681	0.1681
0.1681	0.1681	0.1681	0.1681
0.1681	0.1681	0.1681	0.1681
0.45421	0.45421	0.45421	0.45421
1.9966	1.9966	1.9966	1.9966
0.45421	0.45421	0.45421	0.45421
0.45421	0.45421	0.45421	0.45421
0.45421	0.45421	0.45421	0.45421
0.45421	0.45421	0.45421	0.45421
0.45421	0.45421	0.45421	0.45421
1.5424	1.5424	1.5424	1.5424
1.5424	1.5424	1.5424	1.5424
1.5424	1.5424	1.5424	1.5424
1.5424	1.5424	1.5424	1.5424
0.80282	0.80282	0.80282	0.80282
0.80282	0.80282	0.80282	0.80282
0.80282	0.80282	0.80282	0.80282
0.80282	0.80282	0.80282	0.80282
0.80282	0.80282	0.80282	0.80282
0.80282	0.80282	0.80282	0.80282
6.4285	6.4285	6.4285	6.4285
6.4285	6.4285	6.4285	6.4285
0.52382	0.52382	0.52382	0.52382
0.52294	0.52382	0.45049	0.52382
0.00087486	-7.3929e-28	0.073328	0
0.52382	0.52382	0.52382	0.52382
0.52382	0.52382	0.52382	0.52382
0.52382	0.52382	0.52382	0.52382
0.0027402	0.69381	1.6813	5.9047
5.902	5.2109	4.2235	0
5.9047	5.9047	5.9047	5.9047
0.16997	0.16997	0.16997	0.16997
0.16997	0.16997	0.16997	0.16997
0.16997	0.16997	0.16997	0.16997
0.16997	0.16997	0.16997	0.16997
-0.17348	-0.17348	-0.17348	-0.17348
0	0	0	1.3325e-13
-9.5093e-25	1.0195e-23	-1.4113e-27	0
-2.6974e-24	3.8894e-24	0	0
0.57488	0.57488	0.57488	0.57488
0.57488	0.57488	0.57488	0.57488
0.33707	0.33707	0.33707	0.33707
0.014363	0.014363	0.014363	0.014363
0	0	0	0
0.014363	0.014363	0.014363	0.014363
0.53151	0.51731	0.53028	0
1.6893e-28	-1.4343e-27	0	0
0.00041546	0.014614	0.0016478	0.53193
0.53151	0.51731	0.53028	0
0	0	0	0
0.00041546	0.014614	0.0016478	0.53193
0.53151	0.51731	0.53028	0
0	-1.6826e-27	0	0
0.014778	0.028976	0.016011	0.54629
26.189	26.175	26.188	25.658
0.00022206	0	0	13.207
25.643	25.628	25.642	11.905
0	0	0	0
0	1.1696e-10	0	0
2.3616e-10	0	2.7333e-09	0
0.25528	0.25528	0.25528	0.25528
0.25528	0.25528	0.25528	0.25528
0.25528	0.25528	0.25528	0.25528
0.61335	0.61335	0.61335	0.61335
5.7347	5.7347	5.7347	5.7347
0.085308	0.085308	0.085308	0.085308
0.085308	0.085308	0.085308	0.085308
0.085308	0.085308	0.085308	0.085308
0.085308	0.085308	0.085308	0.085308
0.085308	0.085308	0.085308	0.085308
0.085308	0.085308	0.085308	0.085308
0.2378	0.2378	0.2378	0.2378
0.73961	0.73961	0.73961	0.73961
0.010328	0.010328	0.010328	0.010328
0.010328	0.010328	0.010328	0.010328
0.010328	0.010328	0.010328	0.010328
0.010328	0.010328	0.010328	0.010328
0.010328	0.010328	0.010328	0.010328
0.010328	0.010328	0.010328	0.010328
0.010328	0.010328	0.010328	0.010328
0.010328	0.010328	0.010328	0.010328
0.17843	0.17843	0.17843	0.17843
0.17843	0.17843	0.17843	0.17843
0.0039245	0.0039245	0.0039245	0.0039245
0.0039245	0.0039245	0.0039245	0.0039245
0.0039245	0.0039245	0.0039245	0.0039245
0.17843	0.17843	0.17843	0.17843
0.17843	0.17843	0.17843	0.17843
0.011154	0.011154	0.011154	0.011154
0.011154	0.011154	0.011154	0.011154
0.011154	0.011154	0.011154	0.011154
0.011154	0.011154	0.011154	0.011154
0.011154	0.011154	0.011154	0.011154
0.0045508	0.0045508	0.0045508	0.0045508
0.34637	0.34637	0.34637	0.34637
0	0	0	0
0.0039245	0.0039245	0.0039245	0.0039245
0.011154	0.011154	0.011154	0.011154
0.002041	0.002041	0.002041	0.002041
0.003443	0.003443	0.003443	0.003443
0.002041	0.002041	0.002041	0.002041
0.0018778	0.0018778	0.0018778	0.0018778
0.0035033	0.0035033	0.0035033	0.0035033
0.0035033	0.0035033	0.0035033	0.0035033
0.0035033	0.0035033	0.0035033	0.0035033
0.0035033	0.0035033	0.0035033	0.0035033
0.0020467	0.0020467	0.0020467	0.0020467
0.17843	0.17843	0.17843	0.17843
4.0227	4.0227	4.0227	4.0227
0.003443	0.003443	0.003443	0.003443
0.002041	0.002041	0.002041	0.002041
0.0018778	0.0018778	0.0018778	0.0018778
0.0035033	0.0035033	0.0035033	0.0035033
0.0035033	0.0035033	0.0035033	0.0035033
0.32732	0.32732	0.32732	0.32732
9.3391	9.3391	9.3391	9.3391
14.596	14.596	14.596	14.596
22.162	22.148	22.161	21.63
0.010328	0.010328	0.010328	0.010328
0	0	0	0
0	0	0	0
-0.020657	-0.020657	-0.020657	-0.020657
0.020657	0.020657	0.020657	0.020657
-9.3692	-9.2435	-9.2029	-9.3724
27.186	27.185	27.201	27.185
-5.3512e-05	0	0	0
0.0032284	0.12894	0.16957	0
-2.9006e-23	1.0885e-23	3.356e-26	4.1148e-29
-2.5268e-27	2.7457e-26	4.5958e-26	2.5289e-09
9.2349e-05	0	0.0079423	0
1.0139e-27	0	9.2721e-13	0
0.013195	0.013195	0.013195	0.013195
0	3.0034e-19	0	4.7329e-29
-7.3954e-05	-0.17707	-0.081827	0
7.3954e-05	0.17707	0.081827	2.4663e-13
0	0	0	0
7.0204	7.0204	7.0204	7.0204
0.5119	0.53237	0.55943	2.6272
0.34277	0.31495	0.31382	0.34482
-3.2373	-3.2295	-3.2561	-5.3549
0.0097559	0.16933	-0.0071117	0
-0.002605	-0.057365	-0.090407	0
4.5849	4.7265	4.5715	-8.6117
0.01178	-0.091019	0.027083	0
-0.0031241	0.13409	0.11316	0
-1.7156	-1.8194	-1.6474	11.497
0.010389	-0.021729	-0.011566	0
-0.0035799	-0.0878	-0.036693	0
0.33794	0.27728	0.31126	0.34482
0	0	0	0
-28.036	-28.077	-27.835	-13.77
0.014363	0.014363	0.014363	0.014363
0.60316	0.6173	0.60433	1.1346
0	0	0	0
7.8304e-19	1.5332e-12	2.7317e-13	-3.0207e-28
0	0	0	0
0	0	0	0
25.643	25.628	25.642	25.112
6.2806e-05	0	0	0
0	0	0	0
25.658	25.657	25.658	25.658
0.011154	0.011154	0.011154	0.011154
0.58075	0.58075	0.58075	0.58075
0.16997	0.16997	0.16997	0.16997
0.011154	0.011154	0.011154	0.011154
0.011154	0.011154	0.011154	0.011154
0.011154	0.011154	0.011154	0.011154
3.38	3.38	3.38	3.38
-124.98	-124.98	-124.98	-124.98
4.5026	4.5026	4.5026	4.5026
-4.5299e-24	1.1614e-23	-8.446e-27	3.5106e-16
101.54	101.54	101.54	101.54
-6.0971	-6.0966	-6.0974	-6.0974
85.812	85.938	85.971	85.809
-54.24	-54.279	-54.049	-38.41
1.9488e-23	2.1539e-23	0	2.6312e-16
1.5037e-15	5.4315e-16	-8.3389e-16	1.3959e-16
1.6635	1.6635	1.6635	1.6635
25.729	25.769	25.528	11.463
-0.15735	-0.15735	-0.15735	-0.15735
0	0	0	0
4.7467	4.7467	4.7467	4.7467
0	0	0	0
-3.1802	-3.1802	-3.1802	-3.1802
30.664	30.704	30.462	16.397
-26.87	-26.91	-26.668	-12.604
-2.9546e-23	1.5718e-26	2.9222e-26	1.6542e-16
-1.9775e-27	5.4014e-27	0	-2.5289e-09
0	0	-1.723e-26	2.5289e-09
26.872	26.86	26.87	12.604
-0.001585	0.049706	-0.20126	-1.9855e-17
26.87	26.91	26.668	12.604
0	0	0	0
4.423e-16	4.3352e-16	5.4359e-16	-9.122e-17
-26.872	-26.86	-26.87	-12.604
0	0	0	-3.9645e-17
0.001585	-0.049706	0.20126	0
1.5643e-16	8.059e-16	4.0871e-17	6.8077e-17
2.6752e-23	1.948e-25	0	0
4.3893e-17	-2.6673e-17	0	-2.5431e-17
3.9921e-17	-5.086e-17	0	-6.3609e-17
1.8347e-16	-4.3847e-16	-1.2272e-16	-1.5675e-16
0	0	0	0
5.9231e-17	0	1.9113e-17	0
0	-1.5398e-17	1.9509e-16	6.1472e-17
-9.0973e-17	7.0871e-16	-4.5789e-17	-3.0178e-16
2.793e-27	-5.6706e-27	1.8254e-26	2.5289e-09
2.2518e-16	2.7456e-17	-1.0315e-15	1.3337e-15
0	1.2607e-17	0	0
1.5052e-17	7.998e-17	7.3913e-17	0
5.9882e-17	-7.629e-17	-3.4571e-17	0
0	0	0	0
0.39199	0.39199	0.39199	0.39199
0	0	0	0
0	0	0	0
7.4205	7.4205	7.4205	7.4205
0.1681	0.1681	0.1681	0.1681
0	0	0	0
0.45421	0.45421	0.45421	0.45421
0	0	0	0
0.80282	0.80282	0.80282	0.80282
0	0	0	0
0.52382	0.52382	0.52382	0.52382
0	0	0	0
0	0	0	0
0.33707	0.33707	0.33707	0.33707
0	0	0	0
0	0	0	0
0	0	0	0
1.69	1.69	1.69	1.69
5.2805	5.2805	5.2805	5.2805
0	0	0	0
0.085308	0.085308	0.085308	0.085308
0	0	0	0
0.2378	0.2378	0.2378	0.2378
0	0	0	0
0.73961	0.73961	0.73961	0.73961
0	0	0	0
-13.814	-13.814	-13.814	-13.814
1000	1000	1000	1000
104.77	104.77	104.77	104.77
81.669	81.669	81.669	81.669
0.064448	0.064448	0.064448	0.064448
9.3391	9.3391	9.3391	9.3391
3.7804	3.7804	3.7804	3.7804
0.32732	0.32732	0.32732	0.32732
0	0	0	0
120.48	120.48	120.48	120.48
0	0	0	0
0	0	0	0
0	0	0	0
0	0	0	0
0	0	0	0
0	0	0	0
0	0	0	0
0	0	0	0
0	0	0	0
0	0	0	0
0	0	0	0
0	0	0	0
0	0	0	0
0	0	0	0
0	0	0	0
0	0	0	0
0	0	0	0
0	0	0	0
0	0	0	0
0	0	0	0
0	0	0	0
0	0	0	0
0	0	0	0
0	0	0	0
0	0	0	0
0	0	0	0
0	0	0	0
0	0	0	0
0	0	0	0
0	0	0	0
0	0	0	0
0	0	0	0
0	0	0	0
0	0	0	0
0	0	0	0
0	0	0	0
0	0	0	0
0	0	0	0
0	0	0	0
0	0	0	0
0	0	0	0
0	0	0	0
0	0	0	0
0	0	0	0
0	0	0	0
0	0	0	0
0	0	0	0
0	0	0	0
0	0	0	0
0	0	0	0
0	0	0	0
0	0	0	0
0	0	0	0
0	0	0	0
0	0	0	0
0	0	0	0
0	0	0	0
0	0	0	0
0	0	0	0
0	0	0	0
0	0	0	0
0	0	0	0
0	0	0	0
0	0	0	0
0	0	0	0
0	0	0	0
0	0	0	0
0	0	0	0
0	0	0	0
0	0	0	0
0	0	0	0
0	0	0	0
0	0	0	0
0	0	0	0
0	0	0	0
0	0	0	0
0	0	0	0
0	0	0	0
0	0	0	0
0	0	0	0
0	0	0	0
0	0	0	0
0	0	0	0
0	0	0	0
0	0	0	0
0	0	0	0
0	0	0	0
0	0	0	0
0	0	0	0
0	0	0	0
0	0	0	0
0	0	0	0
0	0	0	0
0	0	0	0
0.05746	0.05746	0.05746	0.05746
