testratio1,testratio2,testratio3,testratio4,testratio5,testratio6,testratio7,testratio8,testratio9
"Alanine",1.33655772876,0.589998343345923,4.08127481668,3.36704335214374,3.5409564624,1.21396552033636,1.01436661816667,0.313775054112289
"Alanine, beta-",2.40094186586,0.758870524777876,3.23807771366,3.42891315889475,3.707051156,0.611731783600068,3.23155918625,1.16674172375326
"Asparagine",3.06389512466,2.97463336941955,4.29386087592,5.47328442461067,17.076729452425,26.0129439603569,28.1526829792667,17.7654526015132
"Aspartic acid",1.0371815831,0.128586602926436,2.61464656486,2.50171971880815,1.824248732625,1.11998629785608,1.61164227343333,0.496127159553294
"Azelaic Acid",0.92211939872,0.100991136267416,3.52293689572,6.3422012292899,3.4777069838,2.3313925211762,3.78508232388333,2.82941129127479
"Benzoic acid, 4-hydroxy-",1.240810926,0.182349086439376,1.18612804122,0.718592598183458,1.86361011535,0.19186049258064,2.175909238,0.905162317481447
"Butanoic acid, 4-amino-",2.36963976702,1.13569788827607,5.10192757426,8.37545107271281,2.23976935555,1.45061005329676,3.39310168743333,1.4861125908922
"Citric acid",3.02982749432,2.1122439301584,4.11958271536,4.6640003821419,5.393529575425,3.42755245309083,4.4937432518,2.12673751534654
"Dehydroascorbic acid dimer",5.840612269325,5.73737140757038,10.29329064594,13.8645092507884,4.1011317526,3.13708576147549,78.12160912345,142.892274152038
"Erythronic acid",1.120729109,0.297225893236505,2.42901739516,2.84466261467821,1.85458430875,0.544372458316768,2.61647498628333,0.832616337588259
"Fructose",1.85654434462,0.759610666490242,17.2237245433,23.6236113291647,3.769477826725,3.30519297444371,2.65197801416667,2.29782693896893
"Fructose-6-phosphate",2.04442757238,0.627592945378034,1.73158380798,0.963901836873601,1.814054905025,0.391700645210018,2.3497809448,1.01493992370439
"Fumaric acid",1.06422976218,0.402625405528357,3.6009402126,5.39821854427947,1.596812081025,1.15759826417661,2.26756723488333,2.01450830874235
"Galactinol",11.89815389448,5.95402287814747,3.52556448272,3.48008048534772,4.39196053045,3.49006641638669,1.71602632526667,1.4529009998269
"Galactonic acid",1.37218376642,0.173172954831766,1.37085393076,0.760183049607557,1.647749961825,0.516048078238954,2.01150143975,0.984989554886729
"Glucose",1.29073447542,0.478552266950693,6.98476628874,7.39690691904903,4.708709869125,2.75704319924587,5.48906711423333,4.63544745204801
"Glucose, 1,6-anhydro-, beta-",0.93916882778,0.442553422897448,1.93345445728,1.82678285810092,1.63870377585,0.849932414015934,1.34154222008333,0.379169339672241
"Glucose-6-phosphate",1.73654690258,0.246696474501193,1.9614774583,1.66360611825392,2.08061712995,0.555915692748375,3.11096751643333,0.950148784319448
"Glutamic acid",8.99413773072,8.18480274540476,9.52821074526,18.0079843573573,3.60785430355,4.79551306571619,21.91945457555,26.8382603876285
"Glutamine",1.61504787785,0.929937466182867,2.9567736312,3.43340028429761,23.982792178775,40.916406306141,27.9261930959667,22.6059480807863
"Glutaric acid, 2-oxo-",1.71368103366,0.455609919099536,1.577394873575,1.04771502464676,1.61446100145,0.280395223529522,3.79151860111667,2.4496280903198
"Glyceric acid",1.14303951132,0.259951779550386,2.8513045742,2.97973395678284,1.2482400857,0.430766904545743,1.39144347186667,0.228147348299249
"Glycerol-3-phosphate",2.27416106514,0.561713884400718,1.52785066436,1.08442207612802,1.593121175375,0.535299033643151,2.28323150583333,0.826438263971538
"Glycerophosphoglycerol",2.60896444286,0.632338724131154,2.08614817356,1.6866961795739,2.0294048427,0.75305642773586,2.26104465225,1.26251076909751
"Glycine",1.4590325808,0.372924197977838,13.02330612406,17.0700975103251,16.692708167275,23.8552381796998,5.14038614498333,2.63192037821127
"Inositol, myo-",3.10846312624,1.12998035731586,1.82454015008,1.25022992096668,1.6295840559,0.726243230067495,1.25507561406667,0.469401687023738
"Lyxonic acid",1.23639246182,0.656499530637172,2.0963858167,2.48338664394275,1.3805177385,0.498103342895065,2.72614333363333,2.50374601725273
"Lyxonic acid-1,4-lactone",1.80269909094,1.29786890401922,1.160303471475,0.489574559533763,1.657344357975,0.971527836568647,2.82651039636667,2.58044936367688
"Malic acid",1.71490483478,0.576493454303434,3.1919430954,3.92944912222006,2.503509291075,0.572176781524595,3.11013401515,2.77790448310113
"Malonic acid",1.083759177975,0.295203742800591,1.12429437422,0.372702104781707,1.4210885967,0.424069148380736,2.54255860013333,1.27452812991427
"Maltose",3.24132702254,4.32909868068792,2.55525563638,3.07058135117516,1.025545779475,0.441779897888495,2.08250045928333,1.27131177040221
"N-Carboxyglycine",2.2766559607,1.19219915720455,19.2504428426,33.0558118298678,33.1161444746,51.2612875515215,8.19928308946667,5.44920712754912
"Nonanoic acid",1.55623174012,0.743023360845317,1.10626774165,0.182602651183276,2.55301453575,1.58832172099572,2.30645663246667,1.36680202044833
"Ornithine",3.10935432638,2.055110148793,5.251008745,5.77279266948872,4.835638566425,4.75788255936976,4.12149445545,1.82928103455613
"Phosphoric acid",5.0568773405,1.27784826751137,3.21164861178,3.52061260625628,5.439315751575,3.76520357786548,5.01939120351667,2.0994946817066
"Phosphoric acid monomethyl ester",4.65732845992,4.60925783755538,9.12053177558,16.2133927568754,1.991844202425,0.541528638044152,3.52596230398333,1.96328859660904
"Proline",7.13444664668,4.3395833039047,9.68388918506,15.3228780645595,2.3791531014,0.530771431515911,3.4340846027,1.13879786610088
"Putrescine",1.41958225608,0.588122654609014,2.50904444476,3.05440977938631,1.739251997125,1.14447531580204,2.3108287949,0.608856990028246
"Pyroglutamic acid",1.034544468,0.332043830713576,1.28651532698,0.613911048586257,2.54651418015,1.56304869097465,2.53900092001667,1.25887515498845
"Pyruvic acid",0.83410612304,0.233689309593156,0.84563132434,0.262907728971189,0.622031793675,0.275890622606871,1.00009919678333,0.472356857309105
"Raffinose",24.2272301759,22.8790036786112,13.67882160536,22.2315705207952,3.745936028025,2.73452741400166,1.89343771928333,2.13607281826914
"Ribonic acid",0.94055838682,0.517868385170568,1.28498929532,0.888547387295633,1.1103185731,0.501126516539511,1.78354511953333,1.56992517910969
"Serine",4.38727587534,3.21253590082736,16.04476176594,34.8501747172875,0.60745137485,0.400737415516828,0.731127168066667,0.669868679440273
"Shikimic acid",0.86101162946,0.286972600470237,1.75222367856,2.01266883888596,1.336513483875,0.206648196538857,2.38450552131667,0.965416069970749
"Sinapic acid, cis-",1.21688741164,0.364919982866339,1.4277036841,1.27740360212231,1.161599471775,0.376129504514205,1.98299268496667,0.571195100789405
"Spermidine",1.18817402254,0.411387240700833,6.36298817692,6.86313577669431,4.99224001655,6.66496015594874,4.45791273961667,2.61994526941306
"Succinic acid",1.29285751482,0.261159843403524,2.57535297574,3.37092478444257,1.92258311795,0.200882846791432,3.11525993435,2.0711911612171
"Sucrose",1.19242265418,0.217175716374532,2.05930332388,1.55475563169025,2.0942595461,0.662980252210837,2.24290852911667,1.08904366471582
"Threonic acid",0.75343005486,0.167047577359623,0.89721522548,0.376552469543673,1.22136642845,0.539174398396627,1.9228969634,0.837165186519074
"Threonic acid-1,4-lactone",2.31261550022,1.30310115317466,1.027768814675,0.299225943804673,2.501073390375,0.504961698486113,4.98808717771667,2.9654100851975
"Threonine",16.6862338934,16.3925733253405,12.44565034518,24.6320796196931,1.616368715875,0.443535481746936,1.50679538961667,0.541686285108877
"Trehalose, alpha,alpha'-",1.62915487198,0.287404532079122,1.88405852478,1.54392870642103,2.179705166675,0.758461479297327,3.34370651615,0.987356820666539
"Tyramine",0.72142606155,0.192249726755367,1.302974955175,0.876127216557851,3.35241707325,3.90722346389607,8.1653605153,5.61626959176092
"Uric acid",1.23687768588,0.290403983406898,1.27810203312,0.931771637933544,1.019335825125,0.310089313177311,0.913855754583333,0.271313408428382
"Valine",1.61926071724,0.336828827799036,3.04249195068,3.75220324255922,2.21890041955,0.60768463161382,1.31428127153333,0.813618408170233
"Xylose",1.00567128678,0.301304161968176,2.02518757914,1.73918264886071,0.981476977825,0.296838874971645,0.893527244983333,0.31440039503177
"beta-D-Galactopyranoside, 1-isopropyl-, 1-thio-",1.8592928005,0.525822484746531,2.43040753394,2.09212416962464,2.084755323625,1.73309387989066,3.67774801728333,2.85468657054652
