125	125	125	125
250	250	250	250
500	500	500	500
0.0042155	1.7967	2.5022	3.2448e-05
107.14	107.14	107.14	107.14
100.97	100.97	100.97	100.97
202.76	202.76	202.76	202.76
0.0048637	1.4959	2.5655	0
97.919	97.912	97.913	97.92
70.732	70.721	70.709	0.00012001
70.732	70.721	70.709	0.00012001
34.194	34.194	34.194	34.194
0.0025955	0.00017993	0.0062039	70.734
0.0025955	0.00017993	0.0062039	70.734
33.532	33.532	33.532	33.532
67.726	67.726	67.726	67.726
33.257	33.257	33.257	33.257
100.98	100.98	100.98	100.98
3.0081	2.9953	2.989	3.0083
3.0083	3.0083	3.0083	3.0083
3.0083	3.0083	3.0083	3.0083
1.491	1.491	1.491	1.491
1.5042	1.5042	1.5042	1.5042
0.013195	0.013195	0.013195	0.013195
0	0	5.9895e-13	1.5422e-25
0.013195	0.013195	0.013195	0.013195
0	5.61e-26	0	1.0089e-25
0	0	0	0
0	0	0	0
0	1.4109e-15	3.2367e-15	0
0	0	0	1.4457e-11
0	0	0	0
0	0	0	0
-22.95	-22.943	-22.944	-22.952
4.234	4.2468	4.2532	4.2339
4.234	4.2468	4.2532	4.2339
0	0	0	0
5.4471e-18	1.2692e-27	-2.3921e-16	0
4.0181	4.0309	4.0373	4.0179
4.015	4.015	4.015	4.015
4.015	4.015	4.015	4.015
0.21593	0.21593	0.21593	0.21593
0.21593	0.21593	0.21593	0.21593
-0.032583	-0.032583	-0.032583	-0.032583
0.093437	0.093437	0.093437	0.093437
0	0	0	0
0.0029195	0.0029195	0.0029195	0.0029195
0.0029195	0.0029195	0.0029195	0.0029195
1.8818	1.8818	1.8818	1.8818
1.8818	1.8818	1.8818	1.8818
0	0	0	0
3.071	3.5041	4.1846	-0.5118
0	0	0	0
-9.3453	-9.3453	-9.3453	-9.3453
-9.3497	-9.5268	-9.6023	-9.3453
-9.3497	-9.5268	-9.6023	-9.3453
-18.718	-18.718	-18.718	-18.718
18.718	18.718	18.718	18.718
0	0	0	0
0	0	0	0
0	0	0	0
-202.76	-201.27	-200.2	-202.76
8.3057	8.1287	8.0531	8.3101
8.3057	8.1287	8.0531	8.3101
0	0	0	0
0.88814	0.88814	0.88814	0.88814
2.6272	2.6272	2.6272	2.6272
2.6272	2.6272	2.6272	2.6272
2.6272	2.6272	2.6272	2.6272
2.6272	2.6272	2.6272	2.6272
2.6272	2.6272	2.6272	2.6272
2.0676	2.0567	2.036	1.3332e-05
2.1079	2.1094	2.1194	2.125
0.019232	0.72311	1.5573	0.00011365
-3.8128e-25	0	1.1529e-26	0
-1.6755e-25	0	0	0
0	0	0	0
0.33983	0.33983	0.33983	0.33983
0	0	0	0
-9.405	-9.2992	-9.1463	-5.8409
8.6543	8.6543	8.6543	8.6543
9.0053	9.0053	9.0053	9.0053
4.5026	4.5026	4.5026	4.5026
22.162	22.162	22.162	22.162
0.010328	0.010328	0.010328	0.010328
0.010328	0.010328	0.010328	0.010328
4.3308e-24	7.2513e-23	0	0
4.3207e-24	1.7919e-23	7.048e-27	1.2134e-23
0	0	0	0
1.69	1.69	1.69	1.69
1.69	1.69	1.69	1.69
1.69	1.69	1.69	1.69
1.69	1.69	1.69	1.69
2.8732e-24	1.2709e-22	0	-1.6903e-15
0	0	0	-1.6903e-15
4.3575e-24	3.7692e-23	0	-1.6903e-15
6.0173e-24	0	1.989e-26	3.3979e-21
0	0	0	0
0	0	0	0
200.96	199.51	198.71	195.06
-200.96	-199.51	-198.71	-195.06
-33.529	-33.532	-33.526	37.202
0.6621	0.6621	0.6621	0.6621
0.6621	0.6621	0.6621	0.6621
0.6621	0.6621	0.6621	0.6621
0.6621	0.6621	0.6621	0.6621
0.66019	0.66019	0.66019	0.66019
0.66019	0.66019	0.66019	0.66019
0.66019	0.66019	0.66019	0.66019
0.27489	0.27489	0.27489	0.27489
-6.0997	-6.0997	-6.0997	-6.0997
0	0	0	0
0	0	0	0
7.0205	7.6235	7.9894	7.0204
0.018583	0.55746	1.3906	1.1949e-05
0.00010329	0.60311	0.96899	0
5.0704e-05	0.0001085	0.00037793	0
0	0	0	0
9.2593e-12	0	-9.1853e-27	5.5385e-12
0.057399	0.068338	0.088975	2.125
-2.6103e-25	1.1039e-26	-1.0387e-26	2.2892e-12
0.01715	0.01564	0.0056333	-7.6494e-22
-8.2445e-26	-5.8694e-26	0	2.2892e-12
4.7015e-05	0.00030833	0.00056883	1.7799
0.00026472	0.00041034	0	0
0	0	0	-3.8557e-28
1.7606	1.0564	0.22232	0.00011856
0.34482	0.34482	0.34482	0.34482
0.34482	0.34482	0.34482	0.34482
0.50217	0.50217	0.50217	0.50217
4.9167	4.9167	4.9167	4.9167
3.9439	3.9439	3.9439	3.9439
3.9439	3.9439	3.9439	3.9439
2.9765	2.9765	2.9765	2.9765
4.3903	4.3903	4.3903	4.3903
0	0	0	0
0.18876	0.18876	0.18876	0.18876
0.18876	0.18876	0.18876	0.18876
0.0035033	0.0035033	0.0035033	0.0035033
0.010865	0.010865	0.010865	0.010865
0	4.8978e-27	-1.8787e-26	0
0	1.9886e-26	1.9619e-26	0
0	0	0	3.8765e-27
0	0	2.841e-26	0
0.022569	0.45702	1.1386	-1.2024e-13
9.3165	8.882	8.2004	9.3391
9.3391	9.3391	9.3391	9.3391
0.32732	0.32732	0.32732	0.32732
0.32732	0.32732	0.32732	0.32732
0.32732	0.32732	0.32732	0.32732
0.32732	0.32732	0.32732	0.32732
9.3453	9.3453	9.3453	9.3453
4.3471	4.3471	4.3471	4.3471
-2.3906e-12	8.7367e-12	2.6484e-12	-1.7212e-11
14.303	14.41	14.553	14.302
-13.132	-13.235	-13.386	-13.135
0.40002	0.40002	0.40002	0.40002
0.40002	0.40002	0.40002	0.40002
0.40002	0.40002	0.40002	0.40002
0.40002	0.40002	0.40002	0.40002
0.40315	0.40315	0.40315	0.40315
0.39199	0.39199	0.39199	0.39199
0.39199	0.39199	0.39199	0.39199
0.39199	0.39199	0.39199	0.39199
0.58075	0.58075	0.58075	0.58075
0.3567	0.3567	0.3567	0.3567
-12.264	-12.291	-12.336	0.86769
7.0204	7.0204	7.0204	7.0204
0	0	0	0
13.132	13.159	13.204	-9.5118e-05
0	0	0	0
0.15735	0.15735	0.15735	0.15735
0.16997	0.16997	0.16997	0.16997
0	2.328e-12	0	0
0.15735	0.15735	0.15735	0.15735
0.16997	0.16997	0.16997	0.16997
0	0	0	0
-210.54	-210.67	-210.63	-210.54
9.8811	9.9847	10.136	9.8847
0	0	0	0
0.0037587	1.9223	2.5857	0
221.49	219.7	218.99	221.49
0.048627	0.48819	1.079	0
27.404	26.698	25.862	13.685
13.772	13.401	13.005	0.00015139
0.0004752	0.0004752	0.0004752	0.0004752
-0.0052121	-0.0079648	8.7004e-17	-0.00024863
0.0052121	0.0079648	0	0.00024863
0	0	0	0
0.62439	0.62439	0.62439	0.62439
11.627	11.627	11.627	11.627
0	0	0	0
4.5894	4.5894	4.5894	4.5894
4.5894	4.5894	4.5894	4.5894
0.010328	0.010328	0.010328	0.010328
0.0051642	0.0051642	0.0051642	0.0051642
0	0	0	0
0	0	0	0
0.010328	0.010328	0.010328	0.010328
0.1681	0.1681	0.1681	0.1681
0.1681	0.1681	0.1681	0.1681
0.1681	0.1681	0.1681	0.1681
0.1681	0.1681	0.1681	0.1681
0.1681	0.1681	0.1681	0.1681
0.1681	0.1681	0.1681	0.1681
0.1681	0.1681	0.1681	0.1681
0.1681	0.1681	0.1681	0.1681
0.1681	0.1681	0.1681	0.1681
0.1681	0.1681	0.1681	0.1681
0.45421	0.45421	0.45421	0.45421
1.9966	1.9966	1.9966	1.9966
0.45421	0.45421	0.45421	0.45421
0.45421	0.45421	0.45421	0.45421
0.45421	0.45421	0.45421	0.45421
0.45421	0.45421	0.45421	0.45421
0.45421	0.45421	0.45421	0.45421
1.5424	1.5424	1.5424	1.5424
1.5424	1.5424	1.5424	1.5424
1.5424	1.5424	1.5424	1.5424
1.5424	1.5424	1.5424	1.5424
0.80282	0.80282	0.80282	0.80282
0.80282	0.80282	0.80282	0.80282
0.80282	0.80282	0.80282	0.80282
0.80282	0.80282	0.80282	0.80282
0.80282	0.80282	0.80282	0.80282
0.80282	0.80282	0.80282	0.80282
6.4285	6.4285	6.4285	6.4285
6.4285	6.4285	6.4285	6.4285
0.52382	0.52382	0.52382	0.52382
0.5238	0.52382	0.52382	0.52382
1.7372e-05	8.6413e-21	0	0
0.52382	0.52382	0.52382	0.52382
0.52382	0.52382	0.52382	0.52382
0.52382	0.52382	0.52382	0.52382
0.0029674	1.2776	1.3033	5.9047
5.9017	4.6271	4.6014	0
5.9047	5.9047	5.9047	5.9047
0.16997	0.16997	0.16997	0.16997
0.16997	0.16997	0.16997	0.16997
0.16997	0.16997	0.16997	0.16997
0.16997	0.16997	0.16997	0.16997
-0.17348	-0.17348	-0.17348	-0.17348
0	0	0	2.0035e-23
0	2.2483e-27	0	-3.8049e-23
0	3.7906e-27	0	-1.6488e-23
0.57488	0.57488	0.57488	0.57488
0.57488	0.57488	0.57488	0.57488
0.33707	0.33707	0.33707	0.33707
0.014363	0.014363	0.014363	0.014363
0	0	0	0
0.014363	0.014363	0.014363	0.014363
0.53193	0.53127	0.53025	0.53127
1.6067e-22	0	0	0
0	0.00065878	0.0016705	0.00065019
0.53193	0.53127	0.53025	0.53127
1.6075e-22	0	0	0
0	0.00065878	0.0016705	0.00065019
0.53193	0.53127	0.53025	0.53127
1.6061e-22	0	-9.6784e-27	1.3409e-16
0.014363	0.015022	0.016033	0.015013
26.19	26.188	26.188	24.409
0	0	0	10.178
25.643	25.642	25.641	13.685
0	0	0	0
0	0	0	0
4.9165e-11	1.9517e-10	4.2348e-11	0
0.25528	0.25528	0.25528	0.25528
0.25528	0.25528	0.25528	0.25528
0.25528	0.25528	0.25528	0.25528
0.61335	0.61335	0.61335	0.61335
5.7347	5.7347	5.7347	5.7347
0.085308	0.085308	0.085308	0.085308
0.085308	0.085308	0.085308	0.085308
0.085308	0.085308	0.085308	0.085308
0.085308	0.085308	0.085308	0.085308
0.085308	0.085308	0.085308	0.085308
0.085308	0.085308	0.085308	0.085308
0.2378	0.2378	0.2378	0.2378
0.73961	0.73961	0.73961	0.73961
0.010328	0.010328	0.010328	0.010328
0.010328	0.010328	0.010328	0.010328
0.010328	0.010328	0.010328	0.010328
0.010328	0.010328	0.010328	0.010328
0.010328	0.010328	0.010328	0.010328
0.010328	0.010328	0.010328	0.010328
0.010328	0.010328	0.010328	0.010328
0.010328	0.010328	0.010328	0.010328
0.17843	0.17843	0.17843	0.17843
0.17843	0.17843	0.17843	0.17843
0.0039245	0.0039245	0.0039245	0.0039245
0.0039245	0.0039245	0.0039245	0.0039245
0.0039245	0.0039245	0.0039245	0.0039245
0.17843	0.17843	0.17843	0.17843
0.17843	0.17843	0.17843	0.17843
0.011154	0.011154	0.011154	0.011154
0.011154	0.011154	0.011154	0.011154
0.011154	0.011154	0.011154	0.011154
0.011154	0.011154	0.011154	0.011154
0.011154	0.011154	0.011154	0.011154
0.0045508	0.0045508	0.0045508	0.0045508
0.34637	0.34637	0.34637	0.34637
0	0	0	0
0.0039245	0.0039245	0.0039245	0.0039245
0.011154	0.011154	0.011154	0.011154
0.002041	0.002041	0.002041	0.002041
0.003443	0.003443	0.003443	0.003443
0.002041	0.002041	0.002041	0.002041
0.0018778	0.0018778	0.0018778	0.0018778
0.0035033	0.0035033	0.0035033	0.0035033
0.0035033	0.0035033	0.0035033	0.0035033
0.0035033	0.0035033	0.0035033	0.0035033
0.0035033	0.0035033	0.0035033	0.0035033
0.0020467	0.0020467	0.0020467	0.0020467
0.17843	0.17843	0.17843	0.17843
4.0227	4.0227	4.0227	4.0227
0.003443	0.003443	0.003443	0.003443
0.002041	0.002041	0.002041	0.002041
0.0018778	0.0018778	0.0018778	0.0018778
0.0035033	0.0035033	0.0035033	0.0035033
0.0035033	0.0035033	0.0035033	0.0035033
0.32732	0.32732	0.32732	0.32732
9.3391	9.3391	9.3391	9.3391
14.596	14.596	14.596	14.596
22.162	22.162	22.161	22.162
0.010328	0.010328	0.010328	0
0	0	0	0.010328
0	0	0	0
-0.020657	-0.020657	-0.020657	-0.010328
0.020657	0.020657	0.020657	0.010328
-9.368	-9.191	-9.1154	-9.3724
0.0013887	0.021139	0.026554	0
27.184	27.19	27.198	27.185
0.0044204	0.18145	0.257	0
1.0389e-23	0	1.2812e-26	-1.6903e-15
7.5531e-24	0	0	3.42e-21
0.00018389	0.012982	0.019351	0
0	0	0	0
0.013195	0.013195	0.013195	0.013195
0	1.8111e-26	1.7447e-26	0
-6.2051e-05	0.021058	0.042458	0
6.2051e-05	-0.021058	-0.042458	0
0	0	0	0
7.0204	7.0204	7.0204	7.0204
0.5141	0.51608	0.52295	-0.60274
0.33828	0.34427	0.34554	2.1249
-3.2349	-3.2425	-3.2508	-2.125
0.011741	0.039129	0.091406	-5.5831
-0.0036965	0.035807	0.089492	0
-9.1552	-9.1375	-9.1122	6.9867e-05
0.023971	0.0020977	-0.041298	8.4682
-0.0032768	-0.050963	-0.11233	-8.2197e-05
12.012	11.975	11.927	-3.2223e-05
0.0097531	0.013202	0.018084	0.34482
-0.0033233	0.00078832	0.01706	0
0.33833	0.35189	0.35214	0
0	0	0	0
-14.298	-14.402	-14.553	-14.302
0.014363	0.014363	0.014363	0.014363
0.60303	0.63251	0.72691	0.60334
0	0	0	0
8.3842e-19	-1.4931e-14	-2.9193e-12	1.2564e-15
0	0	0	0
0	0	0	0
25.643	25.613	25.519	23.863
0.0003448	0.029163	0.12255	0
0	-2.5204e-12	0	0
25.658	25.657	25.657	23.878
0.011154	0.011154	0.011154	0.011154
0.58075	0.58075	0.58075	0.58075
0.16997	0.16997	0.16997	0.16997
0.011154	0.011154	0.011154	0.011154
0.011154	0.011154	0.011154	0.011154
0.011154	0.011154	0.011154	0.011154
3.38	3.38	3.38	3.38
-124.98	-124.98	-124.98	-124.98
4.5026	4.5026	4.5026	4.5026
4.1801e-24	7.6119e-23	7.8386e-27	-2.7331e-23
101.54	101.54	101.54	101.54
-6.097	-6.0966	-6.0968	-4.3174
85.814	85.978	86.047	85.809
-40.491	-40.583	-40.704	-38.411
-9.8514e-24	0	-1.3019e-26	-2.863e-23
7.0801e-17	1.5855e-15	5.9265e-16	0
1.6635	1.6635	1.6635	1.6635
11.991	12.095	12.245	11.995
-0.15735	-0.15735	-0.15735	-0.15735
0	0	0	0
4.7467	4.7467	4.7467	4.7467
0	0	0	0
-3.1802	-3.1802	-3.1802	-3.1802
16.925	17.029	17.18	16.929
-13.132	-13.235	-13.386	-13.135
2.1285e-23	6.1737e-23	-1.3297e-26	0
-1.7927e-23	-5.4946e-23	-2.7231e-26	1.6903e-15
7.9823e-24	5.2515e-23	5.3505e-26	3.1297e-12
13.132	13.159	13.204	-9.5118e-05
-0.00048227	0.076642	0.18217	13.135
13.132	13.235	13.386	13.135
0	0	0	0
-5.3195e-17	6.7554e-16	1.4742e-15	-1.5787e-16
-13.132	-13.159	-13.204	9.5118e-05
-8.4258e-12	-1.16e-17	2.8037e-17	3.3357e-17
0.00048227	-0.076642	-0.18217	-13.135
-7.1026e-17	7.2901e-17	-7.1262e-27	-2.5678e-17
-8.9694e-24	0	1.6318e-26	1.6903e-15
0	-3.373e-17	0	0
0	-1.1125e-16	-6.343e-17	-6.138e-17
6.8831e-17	-2.8051e-16	0	2.4805e-16
0	0	0	0
2.0742e-17	0	-2.428e-17	6.6742e-17
0	1.2931e-17	-4.0769e-17	4.6046e-17
7.5583e-17	-7.4665e-16	-8.0998e-17	1.1435e-16
3.9342e-24	0	0	-1.6903e-15
-2.9317e-15	-1.0114e-15	0	-3.2215e-17
-4.2728e-18	0	0	0
3.311e-17	0	0	-3.2728e-17
-1.0117e-16	-2.5429e-16	-9.6656e-17	1.2276e-16
0	0	0	0
0.39199	0.39199	0.39199	0.39199
0	0	0	0
0	0	2.2789e-12	0
7.4205	7.4205	7.4205	7.4205
0.1681	0.1681	0.1681	0.1681
0	0	0	0
0.45421	0.45421	0.45421	0.45421
0	0	0	0
0.80282	0.80282	0.80282	0.80282
0	0	0	0
0.52382	0.52382	0.52382	0.52382
0	0	0	0
0	0	0	0
0.33707	0.33707	0.33707	0.33707
0	0	0	0
0	0	0	0
0	0	0	0
1.69	1.69	1.69	1.69
5.2805	5.2805	5.2805	5.2805
0	0	0	0
0.085308	0.085308	0.085308	0.085308
0	0	0	0
0.2378	0.2378	0.2378	0.2378
0	0	0	0
0.73961	0.73961	0.73961	0.73961
0	0	0	0
-13.814	-13.814	-13.814	-13.814
1000	1000	1000	1000
104.77	104.77	104.77	104.77
81.669	81.669	81.669	81.669
0.064448	0.064448	0.064448	0.064448
9.3391	9.3391	9.3391	9.3391
3.7804	3.7804	3.7804	3.7804
0.32732	0.32732	0.32732	0.32732
0	0	0	0
120.48	120.48	120.48	120.48
0	0	0	0
0	0	0	0
0	0	0	0
0	0	0	0
0	0	0	0
0	0	0	0
0	0	0	0
0	0	0	0
0	0	0	0
0	0	0	0
0	0	0	0
0	0	0	0
0	0	0	0
0	0	0	0
0	0	0	0
0	0	0	0
0	0	0	0
0	0	0	0
0	0	0	0
0	0	0	0
0	0	0	0
0	0	0	0
0	0	0	0
0	0	0	0
0	0	0	0
0	0	0	0
0	0	0	0
0	0	0	0
0	0	0	0
0	0	0	0
0	0	0	0
0	0	0	0
0	0	0	0
0	0	0	0
0	0	0	0
0	0	0	0
0	0	0	0
0	0	0	0
0	0	0	0
0	0	0	0
0	0	0	0
0	0	0	0
0	0	0	0
0	0	0	0
0	0	0	0
0	0	0	0
0	0	0	0
0	0	0	0
0	0	0	0
0	0	0	0
0	0	0	0
0	0	0	0
0	0	0	0
0	0	0	0
0	0	0	0
0	0	0	0
0	0	0	0
0	0	0	0
0	0	0	0
0	0	0	0
0	0	0	0
0	0	0	0
0	0	0	0
0	0	0	0
0	0	0	0
0	0	0	0
0	0	0	0
0	0	0	0
0	0	0	0
0	0	0	0
0	0	0	0
0	0	0	0
0	0	0	0
0	0	0	0
0	0	0	0
0	0	0	0
0	0	0	0
0	0	0	0
0	0	0	0
0	0	0	0
0	0	0	0
0	0	0	0
0	0	0	0
0	0	0	0
0	0	0	0
0	0	0	0
0	0	0	0
0	0	0	0
0	0	0	0
0	0	0	0
0	0	0	0
0	0	0	0
0	0	0	0
0	0	0	0
0.05746	0.05746	0.05746	0.05746
