125	125	125	125
250	250	250	250
500	500	500	500
214.7	214.7	214.67	215.27
107.14	107.14	107.14	107.14
100.97	100.97	100.97	100.97
202.76	202.76	202.76	202.76
8.5382	8.5409	8.5134	9.4568
94.251	94.252	94.253	94.309
13.833	13.83	13.828	12.839
13.833	13.83	13.828	12.839
34.194	34.194	34.194	34.194
56.849	56.85	56.851	56.259
56.849	56.85	56.851	56.259
33.532	33.532	33.532	33.532
67.726	67.726	67.726	67.726
33.257	33.257	33.257	33.257
100.98	100.98	100.98	100.98
2.9562	2.954	2.9532	1.3718
3.0083	3.0083	3.0083	3.0083
3.0083	3.0083	3.0083	3.0083
1.491	1.491	1.491	1.491
1.5042	1.5042	1.5042	1.5042
0.013195	0.013195	0.013195	0.013195
3.8598e-26	0	0	3.5362e-17
0.013195	0.013195	0.013195	0.013195
0	0	0	0
0	0	0	0
0	0	0	0
0	0	0	0
0	0	0	0
0	0	0	0
0	0	0	1.7856e-17
-19.283	-19.284	-19.284	-19.34
4.286	4.2882	4.289	5.8704
4.286	4.2882	4.289	5.8704
0	0	0	0
-9.8477e-16	7.1446e-18	-5.7796e-16	-2.8842e-15
4.0701	4.0722	4.0731	5.6545
4.015	4.015	4.015	4.015
4.015	4.015	4.015	4.015
0.21593	0.21593	0.21593	0.21593
0.21593	0.21593	0.21593	0.21593
-0.032583	-0.032583	-0.032583	-0.032583
0.093437	0.093437	0.093437	0.093437
0	0	0	0
0.0029195	0.0029195	0.0029195	0.0029195
0.0029195	0.0029195	0.0029195	0.0029195
1.8818	1.8818	1.8818	1.8818
1.8818	1.8818	1.8818	1.8818
0	0	0	0
18.741	18.739	18.742	18.781
0	0	0	0
-9.3453	-9.3453	-9.3453	-9.3453
-9.7204	-9.7198	-9.7203	-9.9572
-9.7204	-9.7198	-9.7203	-9.9572
-18.718	-18.718	-18.718	-18.718
18.718	18.718	18.718	18.718
0	0	0	0
0	0	0	0
0	0	0	0
-194.22	-194.22	-194.25	-193.31
7.9351	7.9356	7.9351	7.6982
7.9351	7.9356	7.9351	7.6982
0	0	0	0
0.88814	0.88814	0.88814	0.88814
2.6272	2.6272	2.6272	2.6272
2.6272	2.6272	2.6272	2.6272
2.6272	2.6272	2.6272	2.6272
2.6272	2.6272	2.6272	2.6272
2.6272	2.6272	2.6272	2.6272
0.3696	0.37785	0.37543	1.4308
0.51348	0.51701	0.5162	0.6772
1.7802	1.7802	1.7802	1.7802
0	9.2205e-16	-5.3248e-27	0
0	0	0	0
0	0	0	0
0.33983	0.33983	0.33983	0.33983
0	0	0	0
2.3558	2.3549	2.3327	1.8182
8.6543	8.6543	8.6543	8.6543
9.0053	9.0053	9.0053	9.0053
4.5026	4.5026	4.5026	4.5026
22.162	22.162	22.162	22.162
0.010328	0.010328	0.010328	0.010328
0.010328	0.010328	0.010328	0.010328
0	0	-1.5576e-26	3.4048e-15
7.2906e-27	-1.7891e-12	-2.6638e-26	0
0	0	0	0
1.69	1.69	1.69	1.69
1.69	1.69	1.69	1.69
1.69	1.69	1.69	1.69
1.69	1.69	1.69	1.69
0	0	0	0
0	0	1.2711e-26	6.4482e-27
0	0	3.2456e-26	0
0	0	0	0
0	0	0	0
0	0	0	0
187.37	187.37	187.44	188.26
-187.37	-187.37	-187.44	-188.26
23.317	23.318	23.319	22.727
0.6621	0.6621	0.6621	0.6621
0.6621	0.6621	0.6621	0.6621
0.6621	0.6621	0.6621	0.6621
0.6621	0.6621	0.6621	0.6621
0.66019	0.66019	0.66019	0.66019
0.66019	0.66019	0.66019	0.66019
0.66019	0.66019	0.66019	0.66019
0.27489	0.27489	0.27489	0.27489
-6.0997	-6.0997	-6.0997	-6.0997
0	0	0	0
0	0	0	3.6432e-10
7.7738	7.7761	7.7647	8.123
8.1796	8.1776	8.1815	7.7581
0.7534	0.75568	0.74429	1.1025
19.27	19.269	19.246	19.194
0	0	0	0
0	0	0	0
1.7554	1.7472	1.7496	0.6942
2.1724e-15	0	5.0407e-27	0
1.6115	1.608	1.6088	1.4478
6.849e-16	0	1.8702e-26	3.0049e-27
0	0	0	0
0	0	0	0
0	0	0	0
0	0	0	0
0.34482	0.34482	0.34482	0.34482
0.34482	0.34482	0.34482	0.34482
0.50217	0.50217	0.50217	0.50217
4.9167	4.9167	4.9167	4.9167
3.9439	3.9439	3.9439	3.9439
3.9439	3.9439	3.9439	3.9439
2.9765	2.9765	2.9765	2.9765
4.3903	4.3903	4.3903	4.3903
0	0	0	0
0.18876	0.18876	0.18876	0.18876
0.18876	0.18876	0.18876	0.18876
0.0035033	0.0035033	0.0035033	0.0035033
0.010865	0.010865	0.010865	0.010865
0	0	0	0
0	0	0	0
0	0	0	0
0	0	0	0
15.692	15.69	15.693	15.732
-6.3528	-6.3514	-6.3544	-6.3932
9.3391	9.3391	9.3391	9.3391
0.32732	0.32732	0.32732	0.32732
0.32732	0.32732	0.32732	0.32732
0.32732	0.32732	0.32732	0.32732
0.32732	0.32732	0.32732	0.32732
9.3453	9.3453	9.3453	9.3453
4.3471	4.3471	4.3471	4.3471
0	0	-1.644e-25	0
6.9751	6.986	6.9844	8.1403
-5.6235	-5.6229	-5.6239	-5.1616
0.40002	0.40002	0.40002	0.40002
0.40002	0.40002	0.40002	0.40002
0.40002	0.40002	0.40002	0.40002
0.40002	0.40002	0.40002	0.40002
0.40315	0.40315	0.40315	0.40315
0.39199	0.39199	0.39199	0.39199
0.39199	0.39199	0.39199	0.39199
0.39199	0.39199	0.39199	0.39199
0.58075	0.58075	0.58075	0.58075
0.3567	0.3567	0.3567	0.3567
-1.442	-1.4403	-1.4393	-1.2913
7.0204	7.0204	7.0204	7.0204
0	0	0	0
2.3096	2.3079	2.3069	2.1589
0	0	0	0
0.15735	0.15735	0.15735	0.15735
0.16997	0.16997	0.16997	0.16997
0	0	0	0
0.15735	0.15735	0.15735	0.15735
0.16997	0.16997	0.16997	0.16997
0	0	0	0
3.7395	3.7398	3.696	2.562
2.373	2.3725	2.3734	1.9112
0	0	0	0
0.42161	0.42214	0.43601	2.1644
6.7884	6.7876	6.8175	6.2231
1.5089	1.5076	1.5219	2.6899
6.3033	6.3057	6.2858	6.2825
1.6393	1.641	1.6344	3.2615
0.0004752	0.0004752	0.0004752	0.0004752
-0.1852	-0.19664	-0.19408	-1.8123
0.1852	0.19664	0.19408	1.8123
0	0	0	0
0.62439	0.62439	0.62439	0.62439
11.627	11.627	11.627	11.627
0	0	0	0
4.5894	4.5894	4.5894	4.5894
4.5894	4.5894	4.5894	4.5894
0.010328	0.010328	0.010328	0.010328
0.0051642	0.0051642	0.0051642	0.0051642
0	0	0	0
0	0	0	0
0.010328	0.010328	0.010328	0.010328
0.1681	0.1681	0.1681	0.1681
0.1681	0.1681	0.1681	0.1681
0.1681	0.1681	0.1681	0.1681
0.1681	0.1681	0.1681	0.1681
0.1681	0.1681	0.1681	0.1681
0.1681	0.1681	0.1681	0.1681
0.1681	0.1681	0.1681	0.1681
0.1681	0.1681	0.1681	0.1681
0.1681	0.1681	0.1681	0.1681
0.1681	0.1681	0.1681	0.1681
0.45421	0.45421	0.45421	0.45421
1.9966	1.9966	1.9966	1.9966
0.45421	0.45421	0.45421	0.45421
0.45421	0.45421	0.45421	0.45421
0.45421	0.45421	0.45421	0.45421
0.45421	0.45421	0.45421	0.45421
0.45421	0.45421	0.45421	0.45421
1.5424	1.5424	1.5424	1.5424
1.5424	1.5424	1.5424	1.5424
1.5424	1.5424	1.5424	1.5424
1.5424	1.5424	1.5424	1.5424
0.80282	0.80282	0.80282	0.80282
0.80282	0.80282	0.80282	0.80282
0.80282	0.80282	0.80282	0.80282
0.80282	0.80282	0.80282	0.80282
0.80282	0.80282	0.80282	0.80282
0.80282	0.80282	0.80282	0.80282
6.4285	6.4285	6.4285	6.4285
6.4285	6.4285	6.4285	6.4285
0.52382	0.52382	0.52382	0.52382
0.2231	0.22395	0.23244	0.46761
0.30072	0.29987	0.29138	0.056212
0.52382	0.52382	0.52382	0.52382
0.52382	0.52382	0.52382	0.52382
0.52382	0.52382	0.52382	0.52382
4.4262	4.422	4.4113	4.2503
1.4785	1.4827	1.4934	1.6544
5.9047	5.9047	5.9047	5.9047
0.16997	0.16997	0.16997	0.16997
0.16997	0.16997	0.16997	0.16997
0.16997	0.16997	0.16997	0.16997
0.16997	0.16997	0.16997	0.16997
-0.17348	-0.17348	-0.17348	-0.17348
0	0	-3.0929e-12	0
0	9.8052e-27	-3.0929e-12	0
0	-1.7654e-17	0	0
0.57488	0.57488	0.57488	0.57488
0.57488	0.57488	0.57488	0.57488
0.33707	0.33707	0.33707	0.33707
0.014363	0.014363	0.014363	0.014363
0	0	0	0
0.014363	0.014363	0.014363	0.014363
0.53193	0.53193	0.53193	0.53193
0	0	0	0
0	0	0	0
0.53193	0.53193	0.53193	0.53193
7.4679e-14	0	-6.7066e-26	0
2.9716e-12	2.9763e-13	-1.5366e-14	6.1068e-17
0.53193	0.53193	0.53193	0.53193
2.0661e-13	-2.6708e-27	0	8.5843e-14
0.014363	0.014363	0.014363	0.014363
26.19	26.19	26.19	26.19
0.070755	0.068557	0.11176	0.16712
25.573	25.575	25.532	25.476
0	0	0	0
7.1449e-11	0	1.1511e-10	0
0	-1.9595e-10	0	0
0.25528	0.25528	0.25528	0.25528
0.25528	0.25528	0.25528	0.25528
0.25528	0.25528	0.25528	0.25528
0.61335	0.61335	0.61335	0.61335
5.7347	5.7347	5.7347	5.7347
0.085308	0.085308	0.085308	0.085308
0.085308	0.085308	0.085308	0.085308
0.085308	0.085308	0.085308	0.085308
0.085308	0.085308	0.085308	0.085308
0.085308	0.085308	0.085308	0.085308
0.085308	0.085308	0.085308	0.085308
0.2378	0.2378	0.2378	0.2378
0.73961	0.73961	0.73961	0.73961
0.010328	0.010328	0.010328	0.010328
0.010328	0.010328	0.010328	0.010328
0.010328	0.010328	0.010328	0.010328
0.010328	0.010328	0.010328	0.010328
0.010328	0.010328	0.010328	0.010328
0.010328	0.010328	0.010328	0.010328
0.010328	0.010328	0.010328	0.010328
0.010328	0.010328	0.010328	0.010328
0.17843	0.17843	0.17843	0.17843
0.17843	0.17843	0.17843	0.17843
0.0039245	0.0039245	0.0039245	0.0039245
0.0039245	0.0039245	0.0039245	0.0039245
0.0039245	0.0039245	0.0039245	0.0039245
0.17843	0.17843	0.17843	0.17843
0.17843	0.17843	0.17843	0.17843
0.011154	0.011154	0.011154	0.011154
0.011154	0.011154	0.011154	0.011154
0.011154	0.011154	0.011154	0.011154
0.011154	0.011154	0.011154	0.011154
0.011154	0.011154	0.011154	0.011154
0.0045508	0.0045508	0.0045508	0.0045508
0.34637	0.34637	0.34637	0.34637
0	0	0	0
0.0039245	0.0039245	0.0039245	0.0039245
0.011154	0.011154	0.011154	0.011154
0.002041	0.002041	0.002041	0.002041
0.003443	0.003443	0.003443	0.003443
0.002041	0.002041	0.002041	0.002041
0.0018778	0.0018778	0.0018778	0.0018778
0.0035033	0.0035033	0.0035033	0.0035033
0.0035033	0.0035033	0.0035033	0.0035033
0.0035033	0.0035033	0.0035033	0.0035033
0.0035033	0.0035033	0.0035033	0.0035033
0.0020467	0.0020467	0.0020467	0.0020467
0.17843	0.17843	0.17843	0.17843
4.0227	4.0227	4.0227	4.0227
0.003443	0.003443	0.003443	0.003443
0.002041	0.002041	0.002041	0.002041
0.0018778	0.0018778	0.0018778	0.0018778
0.0035033	0.0035033	0.0035033	0.0035033
0.0035033	0.0035033	0.0035033	0.0035033
0.32732	0.32732	0.32732	0.32732
9.3391	9.3391	9.3391	9.3391
14.596	14.596	14.596	14.596
22.162	22.162	22.162	22.162
0	0	0	0
0.010328	0.010328	0.010328	0.010328
0	0	0	0
-0.010328	-0.010328	-0.010328	-0.010328
0.010328	0.010328	0.010328	0.010328
-8.9974	-8.9979	-8.9975	-8.7606
3.7206	3.7218	3.7224	5.2478
23.569	23.572	23.573	25.211
0.37503	0.3745	0.37497	0.61188
-1.13e-26	-3.5782e-12	0	0
0	-8.8104e-27	-1.8798e-26	0
0.052157	0.054299	0.055131	1.6366
0	0	0	0
0.013195	0.013195	0.013195	0.013195
3.9568e-16	0	0	0
-0.2697	-0.26939	-0.26286	0.17371
0.2697	0.26939	0.26286	-0.17371
0	0	0	0
7.0204	7.0204	7.0204	7.0204
-0.13831	-0.14029	-0.14352	-0.24368
-0.59428	-0.59297	-0.58989	-0.74674
-1.6503	-1.6496	-1.6495	-1.3924
-15.106	-15.108	-15.116	-15.301
-0.95045	-0.94977	-0.94741	-1.697
-0.32983	-0.32908	-0.32925	-0.2939
17.314	17.312	17.323	16.903
0.48856	0.49008	0.48665	1.3822
1.7381	1.739	1.7305	1.7174
0.18751	0.18539	0.18787	-0.16255
-0.21054	-0.21052	-0.21333	-0.041417
0.09815	0.10056	0.10742	0.7225
0	0	0	0
-6.7899	-6.7893	-6.7903	-6.328
0.014363	0.014363	0	0.014363
0.64256	0.64218	0.64044	0.69928
-2.2864e-16	2.8793e-16	0	-1.0802e-16
0	7.0044e-26	-9.3113e-17	0
0	0	0.014363	0
0	0	0	0
25.604	25.604	25.606	25.547
0.039874	0.039492	0.03775	0.096593
9.8169e-14	-2.3291e-27	0	7.0414e-14
25.658	25.658	25.658	25.658
0.011154	0.011154	0.011154	0.011154
0.58075	0.58075	0.58075	0.58075
0.16997	0.16997	0.16997	0.16997
0.011154	0.011154	0.011154	0.011154
0.011154	0.011154	0.011154	0.011154
0.011154	0.011154	0.011154	0.011154
3.38	3.38	3.38	3.38
-124.98	-124.98	-124.98	-124.98
4.5026	4.5026	4.5026	4.5026
-4.6445e-27	-1.7891e-12	-7.9155e-27	0
101.54	101.54	101.54	101.54
-6.0974	-6.0974	-6.0974	-6.0974
86.132	86.13	86.129	84.785
-32.879	-32.883	-32.883	-33.315
0	3.5782e-12	9.8217e-26	0
0	-1.1184e-26	2.6563e-16	0
1.6635	1.6635	1.6635	1.6635
4.4828	4.4823	4.4832	4.0209
-0.15735	-0.15735	-0.15735	-0.15735
0	0	0	0
4.7467	4.7467	4.7467	4.7467
0	0	0	0
-3.1802	-3.1802	-3.1802	-3.1802
9.4171	9.4165	9.4175	8.9552
-5.6235	-5.6229	-5.6239	-5.1616
-1.086e-26	0	1.9879e-26	0
0	0	-1.776e-26	0
2.1763e-27	0	0	0
2.3096	2.3079	2.3069	2.1589
3.3139	3.315	3.317	3.0027
5.6235	5.6229	5.6239	5.1616
0	0	0	0
0	-7.8931e-17	0	0
-2.3096	-2.3079	-2.3069	-2.1589
-1.1482e-17	-1.9361e-17	0	0
-3.3139	-3.315	-3.317	-3.0027
-4.9872e-17	0	5.1425e-18	0
1.1612e-26	0	0	0
0	0	0	0
1.0239e-16	8.6715e-17	1.1625e-16	0
-1.0397e-16	-1.7645e-16	0	0
0	0	0	0
-5.9387e-17	0	2.3194e-17	0
5.4073e-17	0	0	0
2.2368e-16	-1.5601e-16	-6.1616e-17	-1.8066e-16
0	0	-1.9393e-26	-5.4789e-27
0	7.6185e-16	5.1641e-16	0
0	9.4451e-18	0	0
0	0	-2.1929e-17	0
0	1.7343e-16	-2.0133e-16	0
0	0	0	0
0.39199	0.39199	0.39199	0.39199
0	0	0	0
0	0	0	0
7.4205	7.4205	7.4205	7.4205
0.1681	0.1681	0.1681	0.1681
0	0	0.014363	0
0.45421	0.45421	0.45421	0.45421
0	0	0	0
0.80282	0.80282	0.80282	0.80282
0	0	0	0
0.52382	0.52382	0.52382	0.52382
0	0	0	0
0	0	0	0
0.33707	0.33707	0.33707	0.33707
0	0	0	0
0	0	0	0
0	0	0	0
1.69	1.69	1.69	1.69
5.2805	5.2805	5.2805	5.2805
0	0	0	0
0.085308	0.085308	0.085308	0.085308
0	0	0	0
0.2378	0.2378	0.2378	0.2378
0	0	0	0
0.73961	0.73961	0.73961	0.73961
0	0	0	0
-13.814	-13.814	-13.814	-13.814
1000	1000	1000	1000
104.77	104.77	104.77	104.77
81.669	81.669	81.669	81.669
0.064448	0.064448	0.064448	0.064448
9.3391	9.3391	9.3391	9.3391
3.7804	3.7804	3.7804	3.7804
0.32732	0.32732	0.32732	0.32732
0	0	0	0
120.48	120.48	120.48	120.48
0	0	0	0
0	0	0	0
0	0	0	0
0	0	0	0
0	0	0	0
0	0	0	0
0	0	0	0
0	0	0	0
0	0	0	0
0	0	0	0
0	0	0	0
0	0	0	0
0	0	0	0
0	0	0	0
0	0	0	0
0	0	0	0
0	0	0	0
0	0	0	0
0	0	0	0
0	0	0	0
0	0	0	0
0	0	0	0
0	0	0	0
0	0	0	0
0	0	0	0
0	0	0	0
0	0	0	0
0	0	0	0
0	0	0	0
0	0	0	0
0	0	0	0
0	0	0	0
0	0	0	0
0	0	0	0
0	0	0	0
0	0	0	0
0	0	0	0
0	0	0	0
0	0	0	0
0	0	0	0
0	0	0	0
0	0	0	0
0	0	0	0
0	0	0	0
0	0	0	0
0	0	0	0
0	0	0	0
0	0	0	0
0	0	0	0
0	0	0	0
0	0	0	0
0	0	0	0
0	0	0	0
0	0	0	0
0	0	0	0
0	0	0	0
0	0	0	0
0	0	0	0
0	0	0	0
0	0	0	0
0	0	0	0
0	0	0	0
0	0	0	0
0	0	0	0
0	0	0	0
0	0	0	0
0	0	0	0
0	0	0	0
0	0	0	0
0	0	0	0
0	0	0	0
0	0	0	0
0	0	0	0
0	0	0	0
0	0	0	0
0	0	0	0
0	0	0	0
0	0	0	0
0	0	0	0
0	0	0	0
0	0	0	0
0	0	0	0
0	0	0	0
0	0	0	0
0	0	0	0
0	0	0	0
0	0	0	0
0	0	0	0
0	0	0	0
0	0	0	0
0	0	0	0
0	0	0	0
0	0	0	0
0	0	0	0
0.05746	0.05746	0.05746	0.05746
