0.60006	0.61654	0.70463	62.138
1.2001	1.2331	1.4093	124.28
2.4002	2.4662	2.8185	248.55
5.2357	5.2244	4.9079	95.768
0.51433	0.52847	0.60397	53.261
7.7689	7.8532	8.4073	54.318
1.5377	1.5435	1.6113	87.318
0.010536	0	0.6444	0
0.5923	0.59723	0.62943	37.643
0.22089	0.20493	0.18976	37.643
0.064993	0.11823	0.18976	37.643
-0.38106	-0.37958	-0.35418	18.208
-0.056121	-0.052012	-0.03094	0
-0.056121	-0.052012	-0.03094	0
-0.50244	-0.50169	-0.48074	17.85
-0.88349	-0.88127	-0.83492	36.059
-0.55283	-0.55239	-0.53328	17.702
-1.4363	-1.4337	-1.3682	53.76
1.0483	1.0342	0.99374	1.5838
0.5421	0.54166	0.52349	1.5838
0.19529	0.22688	0.45051	1.5838
0.26394	0.26302	0.2606	0.80622
-0.071063	-0.037358	0.18738	0.77045
0.002419	0.0012182	0.0025221	0.0071351
-0.0093886	-0.011977	-0.024382	-3.6245e-18
0.011808	0.013195	-0.00023307	-0.035777
-0.0093886	-0.011977	-0.024382	0
0	-0.0012155	0	0
0	-8.3685e-25	-0.027137	-0.042912
0	0	0	2.6551e-17
-0.1158	-0.1374	-0.29121	0
-0.34681	-0.31478	-0.072988	0
1.8424e-18	0	-1.6122e-17	0
-0.14814	-0.14275	-0.080067	2.3323
0.27939	0.30155	0.39054	2.3323
0.27939	0.30155	0.39054	2.3323
0	0	0	0
3.9522e-18	-8.7732e-17	-2.0878e-17	6.9473e-15
0.2398	0.26172	0.34927	2.2156
0.62963	0.61632	0.52774	2.214
0.62963	0.61632	0.52774	2.214
0.039585	0.039826	0.041273	0.11676
0.039585	0.039826	0.041273	0.11676
0.10044	0.1182	0.23347	-0.060531
-0.089286	-0.10697	-0.22183	0.093437
0	0	0	0
0.00053522	0.00053848	0.00055805	0.0015787
0.00053522	0.00053848	0.00055805	0.0015787
0.34497	0.34708	0.35969	1.0176
0.34497	0.34708	0.35969	1.0176
0	0	0	0
-2.1654	-2.1772	-2.202	-44.992
-0.21805	-0.24744	-0.50742	0
-0.64334	-0.64232	-0.63704	-4.895
-0.86462	-1.0187	-1.3008	-4.895
-0.86462	-1.0187	-1.3008	-4.895
-1.0461	-1.0298	-0.88306	9.2945
1.0461	1.0298	0.88306	-9.2945
0	0	0	-1.4994
0	0	0	0
-0.1559	-0.086708	0	0
-1.5272	-1.5435	-0.96689	-87.318
2.2993	2.1919	2.1704	4.3703
2.2993	2.1919	2.1704	4.3703
0	0	0	0
0.88814	0.88814	0.88814	0.2066
-1.2828	-1.2761	-1.2202	1.579
-1.2828	-1.2761	-1.2202	1.579
-1.2828	-1.2761	-1.2202	1.579
-1.2828	-1.2761	-1.2202	1.4204
-1.2828	-1.2761	-1.2202	1.579
-0.82267	-0.86125	-0.83046	-0.97593
-0.53334	-0.55076	-0.51634	1.1491
0.0013347	0.28618	0.73654	0
1.8747e-17	8.2261e-10	2.5129e-17	-0.15858
1.4778e-16	3.68e-17	-5.6283e-18	-0.15858
3.6047e-23	0	0	-0.15858
-1.9837	-1.9792	-1.9364	0.18376
-0.99743	-0.98981	-0.95678	0
3.7702	3.8208	3.4809	40.947
-1.0271	-1.0398	-1.1568	-22.071
-3.0088	-3.0169	-3.091	-21.881
-1.5044	-1.5085	-1.5455	-10.941
-5.5403	-5.5652	-5.7933	-54.893
-9.2052	-9.2869	-9.7755	-0.55779
-9.2052	-9.2869	-9.7755	-0.55779
-9.2071	-9.2888	-9.7775	-0.56338
-4.6036	-4.6444	-4.8887	-0.28169
-6.5769	-6.6405	-6.9866	0
-4.2938	-4.3327	-4.5657	0.63216
-4.2938	-4.3327	-4.5657	0.63216
-4.2938	-4.3327	-4.5657	0.63216
-4.2938	-4.3327	-4.5657	0.63216
-2.6303	-2.6482	-2.7909	-0.56338
-2.6303	-2.6482	-2.7909	-0.56338
-2.6303	-2.6482	-2.7909	-0.56338
-2.6303	-2.6482	-2.7909	-0.56338
0	0	0	0
0	0	0	0
1.027	0.72029	0.12791	83.153
-1.027	-0.72029	-0.12791	-83.153
0.44632	0.44968	0.4498	-17.85
0.12138	0.12212	0.12655	0.35803
0.12138	0.12212	0.12655	0.35803
0.12138	0.12212	0.12655	0.35803
0.12138	0.12212	0.12655	0.35803
0.12103	0.12176	0.12619	0.35699
0.12103	0.12176	0.12619	0.35699
0.12103	0.12176	0.12619	0.35699
0.050394	0.050701	0.052543	0.14864
-1.172	-1.1888	-1.1858	-3.4487
0	0	0	0
-0.57021	-0.55266	-0.36289	0
1.287	1.2948	1.0754	3.7962
1.6203	1.6668	1.6675	0
1.0722e-16	-3.1882e-17	-0.2665	0
-0.28704	-0.29185	-0.60575	-1.3316
0	0	0	0
1.1866e-12	-7.4227e-17	-1.7638e-25	0
-0.8338	-0.78873	-0.76468	2.125
-4.7725e-12	0	-1.7337e-25	0
-1.1231	-1.0992	-1.0788	0
0	-1.3272e-16	0	2.3891e-17
-2.1644	-2.1524	-2.1116	-0.97593
-1.6168	-1.6218	-1.6086	0
0	2.1221e-17	0	2.3891e-17
1.7786	1.4933	1.0436	1.7802
0.34482	0.34482	0.34482	0.34482
0.34482	0.34482	0.34482	0.34482
0.37367	0.37384	0.3749	0.42991
0.90134	0.90683	0.93978	2.6587
0.72301	0.72741	0.75384	2.1326
0.72301	0.72741	0.75384	2.1326
0.13569	0.15723	0.42451	1.5666
0.69842	0.68553	0.59947	-25.791
0	0	0	0
0.034603	0.034814	0.036079	0.10207
0.034603	0.034814	0.036079	0.10207
0.00064224	0.00064615	0.00066963	0.0018944
0.0019918	0.002004	0.0020768	0.0058752
-2.0794e-24	1.7536e-24	0	-28.207
0	1.8239e-19	0	1.1155e-29
1.7301e-25	2.8813e-25	0	0
-2.1435e-24	5.729e-27	-7.3908e-25	3.3233e-30
-0.45692	-0.43684	-0.3876	0
-0.91837	-0.9238	-0.88512	9.3391
-1.3753	-1.3606	-1.2727	9.3391
0.060005	0.060371	0.062564	0.32732
0.060005	0.060371	0.062564	0.32732
0.060005	0.060371	0.062564	0.32732
0.060005	0.060371	0.062564	0.32732
0.64334	0.64232	0.63704	4.895
0.79691	0.80177	0.8309	2.3506
2.7127e-15	-5.5973e-13	-1.463e-12	-1.5839
-0.96254	-0.96099	-1.1064	14.818
2.8227	2.8302	3.0208	-12.604
0.073332	0.073779	0.07646	0.2163
0.073332	0.073779	0.07646	0.2163
0.073332	0.073779	0.07646	0.2163
0.073332	0.073779	0.07646	0.2163
0.073906	0.074356	0.077058	0.218
0.071861	0.072299	0.074926	0.21197
0.071861	0.072299	0.074926	0.21197
0.071861	0.072299	0.074926	0.21197
-0.94213	-0.94499	-0.93353	0.31403
0.065391	0.06579	0.06818	0.19288
-0.68151	-0.6839	-0.73262	-12.135
1.287	1.2948	1.3419	3.7962
0	0	0	0
0.84056	0.84392	0.89846	12.604
0	0	0	0
0.028845	0.029021	0.030075	0.085083
0.03116	0.03135	0.032489	0.091912
3.1765e-21	0	0	0
0.028845	0.029021	0.030075	0.085083
0.03116	0.03135	0.032489	0.091912
0	0	0	0
1.8687	1.4914	1.0848	4.337
2.853	2.8848	2.924	10.846
0	0	0	0
-0.16709	0.20217	0.36197	0
0.00028211	-2.282e-19	0.2257	0
-3.1005	-2.6845	-2.6696	0
0.3834	0.082945	0.097618	14.485
0.0049165	0.1273	0.34381	0
-2.3275	-2.3231	-2.2801	0.0004752
-1.6463	-1.6541	-1.6915	0.00021824
-0.68132	-0.66908	-0.58872	0
-2.3276	-2.3231	-2.2802	0
0.11447	0.11516	0.11935	0.33763
1.8261	1.8184	1.8019	4.7032
1.9617e-20	-1.7141e-09	6.9613e-21	0
0.84134	0.84646	0.87722	2.4817
0.84134	0.84646	0.87722	2.4817
0.0018934	0.001905	0.0019742	0.005585
0.00094672	0.00095249	0.0009871	0.0027925
0	0	0	0
-3.2326e-25	-6.7491e-25	0	0
0.0018934	0.001905	0.0019742	0.005585
0.030816	0.031004	0.032131	0.090898
0.030816	0.031004	0.032131	0.090898
0.030816	0.031004	0.032131	0.090898
0.030816	0.031004	0.032131	0.090898
0.030816	0.031004	0.032131	0.090898
0.030816	0.031004	0.032131	0.090898
0.030816	0.031004	0.032131	0.090898
0.030816	0.031004	0.032131	0.090898
0.030816	0.031004	0.032131	0.090898
0.030816	0.031004	0.032131	0.090898
0.083267	0.083774	0.086818	0.24561
0.36603	0.36826	0.38164	1.0797
0.083267	0.083774	0.086818	0.24561
0.083267	0.083774	0.086818	0.24561
0.083267	0.083774	0.086818	0.24561
0.083267	0.083774	0.086818	0.24561
0.083267	0.083774	0.086818	0.24561
0.28276	0.28449	0.29482	0.83405
0.28276	0.28449	0.29482	0.83405
0.28276	0.28449	0.29482	0.83405
0.28276	0.28449	0.29482	0.83405
0.14718	0.14807	0.15345	0.43412
0.14718	0.14807	0.15345	0.43412
0.14718	0.14807	0.15345	0.43412
0.14718	0.14807	0.15345	0.43412
0.14718	0.14807	0.15345	0.43412
0.14718	0.14807	0.15345	0.43412
1.1785	1.1857	1.2288	3.4762
1.1785	1.1857	1.2288	3.4762
0.096028	0.096613	0.10012	0.28325
0.095153	0.096613	0.026795	0.28325
0.00087486	-7.3929e-28	0.073328	0
0.096028	0.096613	0.10012	0.28325
0.096028	0.096613	0.10012	0.28325
0.096028	0.096613	0.10012	0.28325
0.0027402	0.69381	1.0505	3.1929
1.0797	0.39525	0.078082	0
1.0825	1.0891	1.1286	3.1929
0.03116	0.03135	0.032489	0.091912
0.03116	0.03135	0.032489	0.091912
0.03116	0.03135	0.032489	0.091912
0.03116	0.03135	0.032489	0.091912
-0.031802	-0.031996	-0.033159	-0.093806
0	0	-4.7425e-25	-28.207
-3.345e-16	9.8282e-24	-1.8799e-25	-28.207
-1.3503e-16	4.3905e-24	0	-28.207
0.10539	0.10603	0.10988	0.31086
0.10539	0.10603	0.10988	0.31086
0.061793	0.06217	0.064429	0.18227
0.002633	0.0026491	0.0027453	0.0077665
0	0	0	0
0.002633	0.0026491	0.0027453	0.0077665
0.53151	0.51731	0.53028	0
1.6893e-28	-1.4343e-27	0	-0.24429
-3.6084	-3.6453	-3.9946	0.53193
0.53151	0.51731	0.53028	0
1.2289e-16	0	2.2824e-18	-0.24429
-3.6084	-3.6453	-3.9946	0.53193
0.53151	0.51731	0.53028	0
8.4522e-17	-1.6826e-27	1.1069e-18	-0.24429
-3.6058	-3.6426	-3.9919	0.53969
-2.0159	-2.0472	-2.1975	-52.87
0.00022206	0	0	-65.07
-2.1162	-2.1479	-2.3019	11.905
8.1917e-17	-9.7999e-18	2.096e-18	0
0	-0.026538	-0.32151	0
-3.1744	-3.1995	-3.2445	0
0.046799	0.047084	0.048795	0.13804
0.046799	0.047084	0.048795	0.13804
0.046799	0.047084	0.048795	0.13804
-1.8609	-1.883	-1.9806	0.61335
1.0513	1.0577	1.0961	3.101
0.015639	0.015734	0.016306	0.046129
0.015639	0.015734	0.016306	0.046129
0.015639	0.015734	0.016306	0.046129
0.015639	0.015734	0.016306	0.046129
0.015639	0.015734	0.016306	0.046129
0.015639	0.015734	0.016306	0.046129
0.043595	0.04386	0.045454	0.12859
0.13559	0.13641	0.14137	0.39993
0.0018934	0.001905	0.0019742	0.005585
0.0018934	0.001905	0.0019742	0.005585
0.0018934	0.001905	0.0019742	0.005585
0.0018934	0.001905	0.0019742	0.005585
0.0018934	0.001905	0.0019742	0.005585
0.0018934	0.001905	0.0019742	0.005585
0.0018934	0.001905	0.0019742	0.005585
0.0018934	0.001905	0.0019742	0.005585
0.03271	0.032909	0.034105	0.096483
0.03271	0.032909	0.034105	0.096483
0.00071945	0.00072384	0.00075014	0.0021221
0.00071945	0.00072384	0.00075014	0.0021221
0.00071945	0.00072384	0.00075014	0.0021221
0.03271	0.032909	0.034105	0.096483
0.03271	0.032909	0.034105	0.096483
0.0020448	0.0020573	0.002132	0.0060315
0.0020448	0.0020573	0.002132	0.0060315
0.0020448	0.0020573	0.002132	0.0060315
0.0020448	0.0020573	0.002132	0.0060315
0.0020448	0.0020573	0.002132	0.0060315
0.00083427	0.00083935	0.00086985	0.0024608
0.055063	0.055461	0.060383	-28.02
-0.045334	-0.055353	-0.014093	0
0.00071945	0.00072384	0.00075014	0.0021221
0.0020448	0.0020573	0.002132	0.0060315
0.00037416	0.00037644	0.00039012	0.0011036
0.00063118	0.00063503	0.0006581	0.0018618
0.00037416	0.00037644	0.00039012	0.0011036
0.00034424	0.00034634	0.00035892	0.0010154
0.00064224	0.00064615	0.00066963	0.0018944
0.00064224	0.00064615	0.00066963	0.0018944
0.00064224	0.00064615	0.00066963	0.0018944
0.00064224	0.00064615	0.00066963	0.0018944
0.00037521	0.0003775	0.00039121	0.0011067
0.03271	0.032909	0.034105	0.096483
0.63103	0.61773	0.5292	2.2181
0.00063118	0.00063503	0.0006581	0.0018618
0.00037416	0.00037644	0.00039012	0.0011036
0.00034424	0.00034634	0.00035892	0.0010154
0.00064224	0.00064615	0.00066963	0.0018944
0.00064224	0.00064615	0.00066963	0.0018944
0.060005	0.060371	0.062564	0.32732
-1.3753	-1.3606	-1.2727	9.3391
0.19515	0.23697	0.50679	-3.4113
-1.9318	-1.9199	-1.7987	-55.584
0.010328	0.010328	0.0077974	0.005585
0	0	0	0
-0.008435	-0.0084235	-0.0058232	0
-0.020657	-0.020657	-0.015595	-0.01117
0.020657	0.020657	0.015595	0.01117
-0.18148	-0.01112	0.41773	15.689
1.1773	1.1886	1.1935	-6.1292
0.42752	0.4443	0.47061	0
0.0032284	0.12894	0.15632	0
-9.2071	-9.2888	-9.7775	-0.56338
-2.6303	-2.6482	-2.7909	-0.56338
-0.50616	-0.49253	-0.47024	0
-0.0093886	-0.013192	-0.051519	-0.042912
0.002419	0.0024337	0.0025221	0.0071351
1.7688e-25	3.0034e-19	-5.3824e-25	-2.2423e-24
0.45879	0.37512	0.46988	-2.9889e-17
-0.45879	-0.37512	-0.46988	2.4663e-13
-0.30536	-0.326	-0.42047	0
0.41143	0.41618	0.55853	3.7962
-1.268	-1.2498	-1.2334	2.5549
-1.7311	-1.7433	-1.7179	0.53551
-1.2189	-1.2207	-1.2243	-5.3549
1.6874	1.7751	1.6904	0
1.2221	1.1987	1.2206	51.029
1.7336	1.8011	1.7118	-8.6117
-1.6428	-1.691	-1.6187	0
-2.1029	-2.0415	-2.0982	-52.196
-1.5943	-1.6562	-1.59	11.497
0.7632	0.75085	0.77188	0
0.29866	0.25589	0.29899	0
0.79035	0.7653	0.78837	0.34482
-1.0486	-1.0521	-1.0445	0
2.6089	2.6151	2.7979	-14.818
0.002633	0.0026491	0.0027453	0.0077665
0.62999	0.63211	0.54237	0.8576
-8.4862e-18	1.5661e-18	1.886e-16	0
-2.3276	-2.3231	-2.2802	0.00021824
6.5613e-14	1.1295e-17	0	0
0	0	0	0
-0.74187	-0.76495	-0.87743	-53.165
-1.3741	-1.383	-1.4245	0
0	0	0	-0.24429
-2.5474	-2.5645	-2.7277	-52.626
0.0020448	0.0020573	0.002132	0.0060315
0.10646	0.10711	0.11101	0.31403
0.03116	0.03135	0.032489	0.091912
0.0020448	0.0020573	0.002132	0.0060315
0.0020448	0.0020573	0.002132	0.0060315
0.0020448	0.0020573	0.002132	0.0060315
-8.5875	-8.6654	-9.1314	1.2643
-9.8044	-9.9025	-10.479	-62.693
-1.5044	-1.5085	-1.5455	-10.941
-4.6036	-4.6444	-4.8887	-0.28169
8.4423	8.5097	8.8778	54.623
3.7966	3.8294	4.0058	-3.8327
0.55471	0.71177	0.95801	39.319
-0.081706	-0.10717	-0.046104	66.094
9.2071	9.2888	9.7775	0.56338
1.5037e-15	1.2766e-15	-8.3389e-16	1.3959e-16
3.0869	3.0639	2.9553	-4.9734
1.5718	1.6038	1.6499	13.853
-0.028845	-0.029021	-0.030075	-0.23541
3.9448e-23	0	0	0
0.87018	0.87549	0.9073	2.5667
-1.9702e-10	-4.5925e-23	3.156e-15	0
-0.79189	-0.822	-0.98327	-3.1802
-3.8916	-3.8912	-4.0181	16.397
2.8227	2.8302	3.0208	-12.604
-9.2071	-9.2888	-9.7775	-0.56338
2.6303	2.6482	2.7909	0.56338
-2.6303	-2.6482	-2.7909	-0.56338
3.4708	3.4922	3.6894	13.167
2.9136	2.9664	3.0673	-1.9855e-17
-2.8227	-2.8302	-3.0208	12.604
0	0	0	0
4.8162e-16	4.2501e-16	5.4359e-16	-9.122e-17
-0.84056	-0.84392	-0.89846	-12.604
0	0	0	-3.9645e-17
-2.9136	-2.9664	-3.0673	0
1.8979e-16	7.9219e-16	1.7293e-17	6.8077e-17
9.2071	9.2888	9.7775	0.56338
4.3893e-17	-2.6673e-17	0	-2.5431e-17
3.9921e-17	-5.086e-17	0	-6.3609e-17
1.8347e-16	-4.3847e-16	-1.2272e-16	-1.5675e-16
0	0	0	0
5.9231e-17	-1.994e-17	2.3872e-17	0
0	-1.5398e-17	1.9509e-16	6.1472e-17
-9.0973e-17	7.0871e-16	-4.5789e-17	-3.0178e-16
-2.6303	-2.6482	-2.7909	-0.56338
2.2518e-16	2.7456e-17	-1.0315e-15	1.3337e-15
0	1.2607e-17	0	0
1.5052e-17	7.998e-17	7.3913e-17	0
5.9882e-17	-7.629e-17	-3.4571e-17	0
0	0	0	-1.5839
0.071861	0.072299	0.074926	0.21197
0	0	0	0
0	0	0	0
0.79012	0.81596	1.0555	3.7682
0.030816	0.031004	0.032131	0.090898
0	0	0	0
0.083267	0.083774	0.086818	0.24561
0	0	0	0
0.14718	0.14807	0.15345	0.43412
0	0	0	0
0.096028	0.096613	0.10012	0.28325
0	0	0	0
0	0	0	0
0.061793	0.06217	0.064429	0.18227
0	0	0	0
0	0	0	0
0	0	0	0
-4.2938	-4.3327	-4.5657	0.63216
0.96804	0.97394	1.0093	2.8554
0	0	0	0
0.015639	0.015734	0.016306	0.046129
0	0	0	0
0.043595	0.04386	0.045454	0.12859
0	0	0	0
0.13559	0.13641	0.14137	0.39993
0	0	0	0
-8.7071	-8.7141	-8.756	1.8601
4.8005	4.9323	5.637	497.1
19.207	19.324	20.026	56.654
11.884	11.98	12.552	48.225
0.011815	0.011887	0.012319	0.034849
-1.3753	-1.3606	-1.2727	9.3391
3.7804	3.7804	3.7804	-2.2449
0.060005	0.060371	0.062564	0.32732
0	0	0	-0.15033
15.912	16.055	16.913	73.915
0	0	0	0
0	0	0	0
0	0	0	0
0	0	0	0
0	0	0	0
0	0	0	0
0	0	0	0
0	0	0	0
0	0	0	0
0	0	0	0
0	0	0	0
0	0	0	0
0	0	0	0
0	0	0	0
0	0	0	0
0	0	0	0
0	0	0	0
0	0	0	0
0	0	0	0
0	0	0	0
0	0	0	0
0	0	0	0
0	0	0	0
0	0	0	0
0	0	0	0
0	0	0	0
0	0	0	0
0	0	0	0
0	0	0	0
0	0	0	0
0	0	0	0
0	0	0	0
0	0	0	0
0	0	0	0
0	0	0	0
0	0	0	0
0	0	0	0
0	0	0	0
0	0	0	0
0	0	0	0
0	0	0	0
0	0	0	0
0	0	0	0
0	0	0	0
0	0	0	0
0	0	0	0
0	0	0	0
0	0	0	0
0	0	0	0
0	0	0	0
0	0	0	0
0	0	0	0
0	0	0	0
0	0	0	0
0	0	0	0
0	0	0	0
0	0	0	0
0	0	0	0
0	0	0	0
0	0	0	0
0	0	0	0
0	0	0	0
0	0	0	0
0	0	0	0
0	0	0	0
0	0	0	0
0	0	0	0
0	0	0	0
0	0	0	0
0	0	0	0
0	0	0	0
0	0	0	0
0	0	0	0
0	0	0	0
0	0	0	0
0	0	0	0
0	0	0	0
0	0	0	0
0	0	0	0
0	0	0	0
0	0	0	0
0	0	0	0
0	0	0	0
0	0	0	0
0	0	0	0
0	0	0	0
0	0	0	0
0	0	0	0
0	0	0	0
0	0	0	0
0	0	0	0
0	0	0	0
0	0	0	0
0	0	0	0
0.010534	0.010598	0.010983	0.031071
