0.68229	0.70125	0.76032	3.8293
1.3646	1.4025	1.5206	7.6585
2.7292	2.805	3.0413	15.317
2.696	2.6503	2.3671	3.8977
0.58482	0.60107	0.65171	3.2822
7.7878	7.8694	8.381	30.676
1.6587	1.6874	1.6342	-6.818
0.28089	0.67595	0.72053	-4.2086
0.63057	0.634	0.55841	-0.64144
0.21722	0.19625	0.19364	1.078
0.10981	0.14696	0.19364	1.078
-0.35894	-0.35668	-0.35016	1.4369
-0.051401	-0.045402	-0.033381	0.96118
-0.051401	-0.045402	-0.033381	0.96118
-0.48032	-0.4788	-0.47671	1.1451
-0.83926	-0.83548	-0.82687	2.5821
-0.53071	-0.5295	-0.52926	1.024
-1.37	-1.365	-1.3561	3.606
1.0051	0.98633	0.98714	-0.54292
0.53252	0.51977	0.53334	1.3259
0.22216	0.24244	0.42249	1.3259
0.25845	0.25207	0.25881	0.65713
-0.034614	-0.0084182	0.16115	0.66294
-0.0016772	-0.0012088	0.0025221	0.0058156
-0.014872	-0.022922	-0.026171	-3.3685e-15
0.013195	0.013195	0.013195	0.0058156
-0.014872	-0.022922	-0.026171	-3.337e-15
-0.0040962	-0.0036425	0	0
0	-0.0085175	-0.015497	1.7591e-27
0	0	1.1858e-16	0
-0.10248	-0.12992	-0.21074	-0.86985
-0.31036	-0.27733	-0.11086	0
7.4119e-19	0	6.0352e-18	0
-0.14217	-0.13374	-0.0010045	6.4154
0.32258	0.34942	0.39714	3.7348
0.32258	0.34942	0.39714	2.134
0	0	0	0
-5.4563e-18	-3.1414e-18	3.1912e-17	-2.4945e-18
0.28299	0.30959	0.35587	3.6397
0.65253	0.64568	0.59836	0.89972
0.65253	0.64568	0.59836	0.89972
0.039585	0.039826	0.041273	-0.061277
0.039585	0.039826	0.041273	-0.061277
0.077539	0.088833	0.16284	0.69905
-0.066383	-0.077609	-0.15121	-0.82867
0	0	0	-0.15645
0.00053522	0.00053848	0.00055805	0.0012868
0.00053522	0.00053848	0.00055805	0.0012868
0.34497	0.34708	0.35969	0.82938
0.34497	0.34708	0.35969	0.82938
0	0	0	0
-2.7069	-2.5058	-2.4283	-3.0641
-0.092809	-0.15354	-0.48111	-2.6481
-0.67315	-0.67139	-0.65571	-1.5672
-1.0266	-1.1763	-1.3091	-0.65033
-1.0266	-1.1763	-1.3091	-0.65033
-1.0565	-1.0593	-0.88589	8.4617
1.0565	1.0593	0.88589	-8.4617
0	-4.0818e-28	0	-11.304
0	0	0	-1.6008
-0.10741	-0.04929	0	0
-1.3778	-1.0114	-0.91369	2.6094
2.0782	2.0009	2.1345	7.7243
2.0782	2.0009	2.1345	7.7243
0	0	0	0
0.88814	0.88814	0.88814	0.88814
-1.2844	-1.2795	-1.2354	0.96499
-1.2844	-1.2795	-1.2354	0.96499
-1.2844	-1.2795	-1.2354	0.96499
-1.2844	-1.2795	-1.2354	0.96499
-1.2844	-1.2795	-1.2354	0.96499
-0.91561	-0.87424	-0.89169	1.2408
-0.55876	-0.62469	-0.49993	-0.60467
1.1022	1.4945	1.5101	1.7802
7.0221e-15	2.8106e-12	-3.3218e-10	0
-3.0528e-16	-1.2316e-16	6.6864e-18	7.6228e-17
0	0	0	0
-1.9853	-1.9826	-1.9515	0.053322
-1.0319	-1.014	-0.94507	0
2.945	2.923	3.1129	7.2564
-1.0034	-1.0245	-1.1453	-8.935
-2.9866	-3.005	-3.0947	-8.8768
-1.4933	-1.5025	-1.5473	-4.4384
-5.4833	-5.532	-5.7873	-22.25
-9.1578	-9.2344	-9.7372	-27.07
-9.1578	-9.2344	-9.7372	-27.07
-9.1597	-9.2363	-9.7391	-27.075
-4.5798	-4.6181	-4.8696	-13.537
-6.4956	-6.5843	-6.955	-14.227
-4.27	-4.3064	-4.5465	-12.792
-4.27	-4.3064	-4.5465	-12.792
-4.27	-4.3064	-4.5465	-12.792
-4.27	-4.3064	-4.5465	-12.792
-2.664	-2.652	-2.7842	-12.848
-2.664	-2.652	-2.7842	-12.848
-2.664	-2.652	-2.7842	-12.848
-2.664	-2.652	-2.7842	-12.848
0	0	0	0
0	0	0	0
0.25659	0.21917	-0.0075723	-0.78128
-0.25659	-0.21917	0.0075723	0.78128
0.42892	0.4334	0.44333	-0.18395
0.12138	0.12212	0.12655	0.29181
0.12138	0.12212	0.12655	0.29181
0.12138	0.12212	0.12655	0.29181
0.12138	0.12212	0.12655	0.29181
0.12103	0.12176	0.12619	0.29097
0.12103	0.12176	0.12619	0.29097
0.12103	0.12176	0.12619	0.29097
0.050394	0.050701	0.052543	0.12116
-1.2083	-1.2203	-1.1659	-2.6884
-0.11423	-0.091758	0	0
-0.55141	-0.52573	-0.37055	-8.1603e-28
0.90008	0.88723	0.68211	0.76681
0.60277	0.94409	1.4272	-2.1433
-0.38692	-0.40762	-0.65978	-2.3274
-0.76382	-0.86065	-0.94549	-3.5192
0	-4.7186e-28	0	0
1.3919e-09	9.4901e-12	0	-2.4889e-08
-0.74246	-0.7791	-0.7186	-0.40065
-5.3413e-11	1.898e-11	0	-2.4889e-08
-1.0993	-1.0286	-1.1104	1.4448
7.065e-12	9.4901e-12	1.2808e-26	-2.4889e-08
-1.7868	-1.8717	-1.9099	-0.99558
-1.996	-1.906	-1.824	0
7.065e-12	9.4939e-12	1.0984e-26	-2.4889e-08
0.67769	0.28493	0.26873	0
0.34482	0.34482	0.34482	0.055522
0.34482	0.34482	0.34482	0.055522
0.37367	0.37384	0.3749	0.12487
0.90134	0.90683	0.93978	2.167
0.72301	0.72741	0.75384	1.7382
0.72301	0.72741	0.75384	1.7382
0.12624	0.14133	0.41641	1.3119
0.72133	0.7149	0.67009	1.0641
0	0	0	0
0.034603	0.034814	0.036079	0.083192
0.034603	0.034814	0.036079	0.083192
0.00064224	0.00064615	0.00066963	0.0015441
0.0019918	0.002004	0.0020768	0.0047887
-8.6545e-27	1.2672e-12	-2.8967e-26	0
2.9342e-17	0	0	0
0	0	0	3.0353e-16
3.8662e-12	1.2084e-24	1.2649e-26	-1.3818e-14
-0.79394	-0.63345	-0.46854	4.0793
-0.58135	-0.72719	-0.80418	-2.0775
-1.3753	-1.3606	-1.2727	2.0019
0.060005	0.060371	0.062564	0.14426
0.060005	0.060371	0.062564	0.14426
0.060005	0.060371	0.062564	0.14426
0.060005	0.060371	0.062564	0.14426
0.67315	0.67139	0.65571	1.5672
0.79691	0.80177	0.8309	1.9159
9.0836e-12	-1.538e-11	-1.165e-13	5.8643e-12
-1.0736	-1.0528	-1.1782	-4.1804
2.991	2.9626	3.1535	6.7518
0.073332	0.073779	0.07646	0.1763
0.073332	0.073779	0.07646	0.1763
0.073332	0.073779	0.07646	0.1763
0.073332	0.073779	0.07646	0.1763
0.073906	0.074356	0.077058	0.17768
0.071861	0.072299	0.074926	0.17277
0.071861	0.072299	0.074926	0.17277
0.071861	0.072299	0.074926	0.17277
-0.90926	-0.92418	-0.96039	0.1595
0.065391	0.06579	0.06818	0.15621
-0.59175	-0.61613	-0.54145	0.27572
1.287	1.2948	1.3419	3.0942
0	0	0	0
0.7508	0.77615	0.70728	0.10667
0	0	0	-0.00099907
0.028845	0.029021	0.030075	0.069349
0.03116	0.03135	0.032489	0.074914
0	0	-1.1028e-22	0
0.028845	0.029021	0.030075	0.069349
0.03116	0.03135	0.032489	0.074914
0	0	0	0
-0.21618	-0.28973	-0.61885	7.2871
2.6657	2.7485	2.8405	6.0425
0	0	0	0
-0.7241	-0.7079	-0.50576	0
2.7045	2.7436	2.8778	-2.4612
-1.6903	-1.7276	-2.5469	-3.6867
0.49022	0.18749	0.50845	0.45286
1.6902	1.3212	1.0101	3.2758
-2.3292	-2.3264	-2.2953	0.00020944
-1.7036	-1.6947	-1.7524	-2.0573
-0.62568	-0.63175	-0.54302	2.0573
-2.3292	-2.3265	-2.2954	0
0.11447	0.11516	0.11935	0.2742
1.8884	1.8708	1.8827	5.1244
0	0	0	0
0.84134	0.84646	0.87722	2.0227
0.84134	0.84646	0.87722	2.0227
0.0018934	0.001905	0.0019742	0.0045522
0.00094672	0.00095249	0.0009871	0.0022761
0	0	-2.9525e-26	0
0	0	0	0
0.0018934	0.001905	0.0019742	0.0045522
0.030816	0.031004	0.032131	0.074088
0.030816	0.031004	0.032131	0.074088
0.030816	0.031004	0.032131	0.074088
0.030816	0.031004	0.032131	0.074088
0.030816	0.031004	0.032131	0.074088
0.030816	0.031004	0.032131	0.074088
0.030816	0.031004	0.032131	0.074088
0.030816	0.031004	0.032131	0.074088
0.030816	0.031004	0.032131	0.074088
0.030816	0.031004	0.032131	0.074088
0.083267	0.083774	0.086818	0.20019
0.36603	0.36826	0.38164	0.88
0.083267	0.083774	0.086818	0.20019
0.083267	0.083774	0.086818	0.20019
0.083267	0.083774	0.086818	0.20019
0.083267	0.083774	0.086818	0.20019
0.083267	0.083774	0.086818	0.20019
0.28276	0.28449	0.29482	0.67981
0.28276	0.28449	0.29482	0.67981
0.28276	0.28449	0.29482	0.67981
0.28276	0.28449	0.29482	0.67981
0.14718	0.14807	0.15345	0.35384
0.14718	0.14807	0.15345	0.35384
0.14718	0.14807	0.15345	0.35384
0.14718	0.14807	0.15345	0.35384
0.14718	0.14807	0.15345	0.35384
0.14718	0.14807	0.15345	0.35384
1.1785	1.1857	1.2288	2.8333
1.1785	1.1857	1.2288	2.8333
0.096028	0.096613	0.10012	0.23087
-0.20865	-0.11599	0.10012	0.52382
0.30468	0.21261	0	-0.29295
0.096028	0.096613	0.10012	0.23087
0.096028	0.096613	0.10012	0.23087
0.096028	0.096613	0.10012	0.23087
0.14984	-0.052152	0.73172	0
0.93263	1.1412	0.39691	2.6024
1.0825	1.0891	1.1286	2.6024
0.03116	0.03135	0.032489	0.074914
0.03116	0.03135	0.032489	0.074914
0.03116	0.03135	0.032489	0.074914
0.03116	0.03135	0.032489	0.074914
-0.031802	-0.031996	-0.033159	-0.076458
6.7102e-27	3.6244e-10	4.484e-11	1.6662e-12
-1.4938e-22	2.059e-10	0	-2.1674e-16
4.2721e-12	2.059e-10	-2.0638e-27	1.0061e-10
0.10539	0.10603	0.10988	0.25337
0.10539	0.10603	0.10988	0.25337
0.061793	0.06217	0.064429	0.14856
0.002633	0.0026491	0.0027453	0.0063302
0	0	0	0
0.002633	0.0026491	0.0027453	0.0063302
0.5315	0.53126	0.39071	-1.0467
-1.3482e-22	3.977e-27	0	-1.0804e-14
-3.7096	-3.7608	-4.0147	-18.366
0.5315	0.53126	0.39071	-1.0467
5.7545e-24	4.049e-16	3.0109e-27	-6.2788e-15
-3.7096	-3.7608	-4.0147	-18.366
0.5315	0.53126	0.39071	-1.0467
-2.7222e-22	-3.8215e-16	0	1.102e-14
-3.707	-3.7582	-4.012	-18.359
-1.8324	-1.8688	-2.1383	-14.651
0	0.056276	-0.47204	-5.2981
-1.9326	-2.0259	-1.7707	-9.5939
0	-4.4018e-17	0	-7.6451e-27
-0.5473	-0.63464	-0.77588	-7.8086
-2.7283	-2.693	-2.9498	-11.838
0.046799	0.047084	0.048795	0.11251
0.046799	0.047084	0.048795	0.11251
0.046799	0.047084	0.048795	0.11251
-1.8034	-1.853	-1.9682	-0.41928
1.0513	1.0577	1.0961	2.5275
0.015639	0.015734	0.016306	0.037599
0.015639	0.015734	0.016306	0.037599
0.015639	0.015734	0.016306	0.037599
0.015639	0.015734	0.016306	0.037599
0.015639	0.015734	0.016306	0.037599
0.015639	0.015734	0.016306	0.037599
0.043595	0.04386	0.045454	0.10481
0.13559	0.13641	0.14137	0.32597
0.0018934	0.001905	0.0019742	0.0045522
0.0018934	0.001905	0.0019742	0.0045522
0.0018934	0.001905	0.0019742	0.0045522
0.0018934	0.001905	0.0019742	0.0045522
0.0018934	0.001905	0.0019742	0.0045522
0.0018934	0.001905	0.0019742	0.0045522
0.0018934	0.001905	0.0019742	0.0045522
0.0018934	0.001905	0.0019742	0.0045522
0.03271	0.032909	0.034105	0.07864
0.03271	0.032909	0.034105	0.07864
0.00071945	0.00072384	0.00075014	0.0017297
0.00071945	0.00072384	0.00075014	0.0017297
0.00071945	0.00072384	0.00075014	0.0017297
0.03271	0.032909	0.034105	0.07864
0.03271	0.032909	0.034105	0.07864
0.0020448	0.0020573	0.002132	0.0049161
0.0020448	0.0020573	0.002132	0.0049161
0.0020448	0.0020573	0.002132	0.0049161
0.0020448	0.0020573	0.002132	0.0049161
0.0020448	0.0020573	0.002132	0.0049161
0.00083427	0.00083935	0.00086985	0.0020057
0.055063	0.055461	0.066206	0.15166
-0.081661	-0.086819	0	0
0.00071945	0.00072384	0.00075014	0.0017297
0.0020448	0.0020573	0.002132	0.0049161
0.00037416	0.00037644	0.00039012	0.00089954
0.00063118	0.00063503	0.0006581	0.0015175
0.00037416	0.00037644	0.00039012	0.00089954
0.00034424	0.00034634	0.00035892	0.00082762
0.00064224	0.00064615	0.00066963	0.0015441
0.00064224	0.00064615	0.00066963	0.0015441
0.00064224	0.00064615	0.00066963	0.0015441
0.00064224	0.00064615	0.00066963	0.0015441
0.00037521	0.0003775	0.00039121	0.00090207
0.03271	0.032909	0.034105	0.07864
0.65393	0.64709	0.59982	0.90309
0.00063118	0.00063503	0.0006581	0.0015175
0.00037416	0.00037644	0.00039012	0.00089954
0.00034424	0.00034634	0.00035892	0.00082762
0.00064224	0.00064615	0.00066963	0.0015441
0.00064224	0.00064615	0.00066963	0.0015441
0.060005	0.060371	0.062564	0.14426
-1.3753	-1.3606	-1.2727	2.0019
0.20223	0.27047	0.49794	-12.177
-1.7737	-1.7712	-1.7725	-3.8846
0	0	-0.0059699	0.010328
0.010328	0.010328	0.0079441	-0.0057763
-0.008435	-0.0084235	0	0
-0.010328	-0.010328	0.0039957	-0.014881
0.010328	0.010328	-0.0039957	0.014881
-0.029937	0.11705	0.42319	20.416
1.2369	1.275	1.282	-9.6151
0.46475	0.48316	0.39814	-2.6806
0.2606	0.35139	0.17227	-3.565
-9.1597	-9.2363	-9.7391	-27.075
-2.664	-2.652	-2.7842	-12.848
-0.47255	-0.46656	-0.45379	1.8688
-0.018969	-0.035082	-0.041668	0
0.002419	0.0024337	0.0025221	0.0058156
1.7426e-17	7.1153e-25	1.422e-26	1.1147e-15
0.4279	0.42583	0.455	1.3066
-0.4279	-0.42583	-0.455	-1.3066
-0.24307	-0.27358	-0.33967	0
0.49252	0.49554	0.63168	3.0942
-1.2396	-1.2268	-1.225	-0.72934
-1.7395	-1.8105	-1.7258	-1.2015
-1.2405	-1.1798	-1.2386	-0.11493
1.6206	1.6219	1.6899	2.6296
1.1201	1.1321	1.214	2.8277
1.6195	1.6653	1.6938	4.1254
-1.4975	-1.5389	-1.5979	-2.9254
-1.9971	-2.0027	-2.0754	-3.8625
-1.4985	-1.5216	-1.6205	-3.0228
0.74779	0.73854	0.78927	0.74932
0.27794	0.27689	0.30844	-0.14847
0.76272	0.78652	0.77351	0.85774
-1.0157	-1.0313	-1.0714	-0.096456
2.7771	2.7475	2.9306	6.2377
0.002633	0.0026491	0.0027453	0.0063302
0.69318	0.68028	0.43834	-5.0073
-1.1456e-15	-1.0412e-17	-6.4121e-17	0
-2.3292	-2.3265	-2.2954	-2.5334e-15
0	-3.3075e-17	-3.4478e-18	0
0	0	0	0
-0.62001	-0.64539	-0.55953	-8.3379
-1.3126	-1.3242	-1.6832	-6.5541
-8.8129e-23	0	0	0
-2.3639	-2.4001	-2.529	-13.605
0.0020448	0.0020573	0.002132	0.0049161
0.10646	0.10711	0.11101	0.25596
0.03116	0.03135	0.032489	0.074914
0.0020448	0.0020573	0.002132	0.0049161
0.0020448	0.0020573	0.002132	0.0049161
0.0020448	0.0020573	0.002132	0.0049161
-8.5401	-8.6129	-9.0931	-25.585
-9.8391	-9.9347	-10.497	-30.897
-1.4933	-1.5025	-1.5473	-4.4384
-4.5798	-4.6181	-4.8696	-13.537
8.4424	8.4989	8.8591	30.924
3.7745	3.8065	4.0031	10.047
0.82561	0.92059	0.9773	-2.7579
-0.04016	-0.17304	-0.13682	3.036
9.1597	9.2363	9.7391	27.075
2.5039e-15	-5.4678e-10	1.245e-14	-8.0216e-16
3.1492	3.1164	3.0361	2.8474
1.3798	1.4451	1.498	6.2828
-0.028845	-0.029021	-0.030075	-0.069349
0	0	0	0
0.87018	0.87549	0.9073	2.0921
0	0	0	0
-0.84701	-0.8804	-0.9557	-1.8983
-4.0615	-4.027	-4.166	-5.2727
2.991	2.9626	3.1535	6.7518
-9.1597	-9.2363	-9.7391	-27.075
2.664	2.652	2.7842	12.848
-2.664	-2.652	-2.7842	-12.848
3.4148	3.4282	3.4915	12.954
2.7539	2.8455	3.0941	7.3684
-2.991	-2.9626	-3.1535	-6.7518
0	0	0	0
1.7526e-15	-1.0636e-15	2.0896e-16	2.7818e-17
-0.7508	-0.77615	-0.70728	-0.10667
0	-2.5934e-17	2.1887e-17	-2.1504e-17
-2.7539	-2.8455	-3.0941	-7.3684
-3.415e-16	-2.3292e-16	0	2.0079e-12
9.1597	9.2363	9.7391	27.075
0	-3.183e-17	0	-1.9485e-17
0	-7.034e-17	-1.8109e-16	-2.7871e-16
-2.0396e-16	-2.1436e-16	0	0
0	0	0	0
0	0	2.6743e-17	2.7974e-18
1.3923e-16	-4.7628e-17	0	0
-3.4252e-16	3.4085e-16	8.6286e-17	0
-2.664	-2.652	-2.7842	-12.848
0	-4.605e-16	5.8072e-16	-1.4167e-15
-5.0913e-17	0	0	9.9596e-18
9.8091e-18	-3.9236e-18	1.7063e-17	-2.607e-17
8.2349e-17	1.336e-16	5.6405e-17	0
0	0	0	0
0.071861	0.072299	0.074926	0.17277
0	0	-6.0628e-24	6.0259e-20
0	0	0	0
0.80892	0.84289	1.0478	3.2705
0.030816	0.031004	0.032131	0.074088
0	0	0	6.7099e-17
0.083267	0.083774	0.086818	0.20019
0	0	0	0
0.14718	0.14807	0.15345	0.35384
0	0	0	0
0.096028	0.096613	0.10012	0.23087
0	0	0	0
0	0	0	0
0.061793	0.06217	0.064429	0.14856
0	0	0	0
0	0	0	0
0	0	0	0
-4.27	-4.3064	-4.5465	-12.792
0.96804	0.97394	1.0093	2.3273
0	0	0	0
0.015639	0.015734	0.016306	0.037599
0	0	0	0
0.043595	0.04386	0.045454	0.10481
0	0	0	0
0.13559	0.13641	0.14137	0.32597
0	0	0	0
-8.7071	-8.7141	-8.756	-10.317
5.4583	5.61	6.0826	30.634
19.207	19.324	20.026	46.177
11.884	11.98	12.552	33.881
0.011815	0.011887	0.012319	0.028405
-1.3753	-1.3606	-1.2727	2.0019
3.7804	3.7804	3.7804	3.7804
0.060005	0.060371	0.062564	0.14426
0	0	0	0
15.912	16.055	16.913	48.873
0	0	0	0
0	0	0	0
0	0	0	0
0	0	0	0
0	0	0	0
0	0	0	0
0	0	0	0
0	0	0	0
0	0	0	0
0	0	0	0
0	0	0	0
0	0	0	0
0	0	0	0
0	0	0	0
0	0	0	0
0	0	0	0
0	0	0	0
0	0	0	0
0	0	0	0
0	0	0	0
0	0	0	0
0	0	0	0
0	0	0	0
0	0	0	0
0	0	0	0
0	0	0	0
0	0	0	0
0	0	0	0
0	0	0	0
0	0	0	0
0	0	0	0
0	0	0	0
0	0	0	0
0	0	0	0
0	0	0	0
0	0	0	0
0	0	0	0
0	0	0	0
0	0	0	0
0	0	0	0
0	0	0	0
0	0	0	0
0	0	0	0
0	0	0	0
0	0	0	0
0	0	0	0
0	0	0	0
0	0	0	0
0	0	0	0
0	0	0	0
0	0	0	0
0	0	0	0
0	0	0	0
0	0	0	0
0	0	0	0
0	0	0	0
0	0	0	0
0	0	0	0
0	0	0	0
0	0	0	0
0	0	0	0
0	0	0	0
0	0	0	0
0	0	0	0
0	0	0	0
0	0	0	0
0	0	0	0
0	0	0	0
0	0	0	0
0	0	0	0
0	0	0	0
0	0	0	0
0	0	0	0
0	0	0	0
0	0	0	0
0	0	0	0
0	0	0	0
0	0	0	0
0	0	0	0
0	0	0	0
0	0	0	0
0	0	0	0
0	0	0	0
0	0	0	0
0	0	0	0
0	0	0	0
0	0	0	0
0	0	0	0
0	0	0	0
0	0	0	0
0	0	0	0
0	0	0	0
0	0	0	0
0	0	0	0
0.010534	0.010598	0.010983	0.025325
