125	125	125	125
250	250	250	250
500	500	500	500
221.49	221.49	221.01	221.49
107.14	107.14	107.14	107.14
100.97	100.97	100.97	100.97
202.76	202.76	202.76	202.76
0.0068318	0	0.76308	0
97.92	98.792	98.6	70.734
70.734	70.176	70.45	70.734
70.734	70.176	70.45	70.734
34.194	34.194	34.194	34.194
0.00053714	0.26292	0.28465	0
0.00053714	0.26292	0.28465	5.0131e-17
33.532	33.532	33.532	33.532
67.726	67.726	67.726	67.726
33.257	33.257	33.257	33.257
100.98	100.98	100.98	100.98
3.0083	2.7133	3.0083	3.0083
3.0083	3.0083	3.0083	3.0083
3.0083	3.0083	3.0083	3.0083
1.491	1.491	1.491	1.491
1.5042	1.5042	1.5042	1.5042
0.013195	0.013195	0.013195	0.013195
-1.3529e-26	-9.1044e-25	2.0824e-13	2.4277e-25
0.013195	0.013195	0.013195	0.013195
0	0	0	2.2383e-25
0	0	0	0
0	0	0	4.2552e-24
0	6.4371e-16	0	0
0	0	0	4.39e-11
0	0	0	0
0	0	0	0
-22.952	-23.823	-23.632	4.2339
4.2339	4.5289	4.2339	4.2339
4.2339	4.5289	4.2339	4.2339
0	0	0	0
-8.7696e-16	-2.754e-16	-2.025e-17	-1.4167e-16
4.0179	4.3129	4.0179	4.0179
4.015	4.015	4.015	4.015
4.015	4.015	4.015	4.015
0.21593	0.21593	0.21593	0.21593
0.21593	0.21593	0.21593	0.21593
-0.032583	-0.032583	-0.032583	-0.032583
0.093437	0.093437	0.093437	0.093437
0	0	0	0
0.0029195	0.0029195	0.0029195	0.0029195
0.0029195	0.0029195	0.0029195	0.0029195
1.8818	1.8818	1.8818	1.8818
1.8818	1.8818	1.8818	1.8818
0	0	0	0
3.0681	3.3567	3.94	0.73664
0	0	0	0
-9.3453	-9.3453	-9.3453	-9.3453
-9.3492	-9.3453	-9.4844	-18.718
-9.3492	-9.3453	-9.4844	-18.718
-18.718	-18.718	-18.718	-18.718
18.718	18.718	18.718	18.718
0	0	0	0
0	0	0	0
0	0	0	0
-202.76	-202.76	-202	-202.76
8.3062	8.3101	8.171	-1.0623
8.3062	8.3101	8.171	-1.0623
0	0	0	0
0.88814	0.88814	0.88814	0.88814
2.6272	2.6272	2.6272	2.6272
2.6272	2.6272	2.6272	2.6272
2.6272	2.6272	2.6272	2.6272
2.6272	2.6272	2.6272	2.6272
2.6272	2.6272	2.6272	2.6272
2.0725	2.0686	2.0276	2.125
2.1104	1.9702	2.0048	2.125
0.017629	1.2422	1.393	0
-5.0328e-12	9.2618e-23	1.3337e-24	0
0	3.5896e-23	6.7479e-25	0
0	0	0	2.466e-13
0.33983	0.33983	0.33983	0.33983
0	0	0	0
-9.3596	-8.7074	-7.0263	-7.0889
8.6543	8.6543	8.6543	8.6543
9.0053	9.0053	9.0053	9.0053
4.5026	4.5026	4.5026	4.5026
22.162	22.162	22.162	22.162
0.010328	0.010328	0.010328	0.010328
0.010328	0.010328	0.010328	0.010328
0	1.3261e-25	-7.0878e-27	0
1.0405e-22	4.3694e-26	-1.5162e-27	0
0	0	0	0
1.69	1.69	1.69	1.69
1.69	1.69	1.69	1.69
1.69	1.69	1.69	1.69
1.69	1.69	1.69	1.69
-3.3997e-26	1.5548e-25	-1.221e-26	0
-3.1846e-26	0	0	1.4789e-24
-5.1512e-26	4.6112e-26	0	1.1729e-24
-3.5734e-26	0	-8.7736e-27	-8.5901e-13
0	0	0	0
-4.0038e-16	0	0	0
200.96	198.98	198.69	195.06
-200.96	-198.98	-198.69	-195.06
-33.531	-33.269	-33.247	-33.532
0.6621	0.6621	0.6621	0.6621
0.6621	0.6621	0.6621	0.6621
0.6621	0.6621	0.6621	0.6621
0.6621	0.6621	0.6621	0.6621
0.66019	0.66019	0.66019	0.66019
0.66019	0.66019	0.66019	0.66019
0.66019	0.66019	0.66019	0.66019
0.27489	0.27489	0.27489	0.27489
-6.0997	-6.0997	-6.0997	-6.0997
0	0	0	6.9917e-14
0	0	0	0
7.0204	7.0204	7.0206	7.0204
0.061227	0.54611	1.2649	9.4167e-06
-4.5576e-14	1.1841e-05	0.0001434	0
5.4964e-05	0.45582	2.0015	0.00045677
0	0	0	0
-6.0772e-26	1.7497e-22	-3.4786e-25	5.2428e-13
0.052479	0.05638	0.09741	0
-2.0644e-26	1.7498e-22	-3.4674e-25	5.2428e-13
0.014648	0.15482	0.12021	-7.1623e-15
0	1.7497e-22	0	1.9818e-21
4.7566e-05	0.00030766	0.00056735	0
0.00026376	0.00041381	0.00077255	1.7802
0	0	0	1.9818e-21
1.7622	0.53725	0.38586	-3.4259e-20
0.34482	0.34482	0.34482	0.34482
0.34482	0.34482	0.34482	0.34482
0.50217	0.50217	0.50217	0.50217
4.9167	4.9167	4.9167	4.9167
3.9439	3.9439	3.9439	3.9439
3.9439	3.9439	3.9439	3.9439
2.9765	2.9765	2.9765	2.9765
4.3903	4.3903	4.3903	4.3903
0	0	0	0
0.18876	0.18876	0.18876	0.18876
0.18876	0.18876	0.18876	0.18876
0.0035033	0.0035033	0.0035033	0.0035033
0.010865	0.010865	0.010865	0.010865
1.1171e-13	1.5818e-27	1.6458e-27	0
0	0	0	0
0	0	0	0
0	0	0	0
0.019739	0.31618	0.90245	-6.0122e-16
9.3193	9.0229	8.4366	9.3391
9.3391	9.3391	9.3391	9.3391
0.32732	0.32732	0.32732	0.32732
0.32732	0.32732	0.32732	0.32732
0.32732	0.32732	0.32732	0.32732
0.32732	0.32732	0.32732	0.32732
9.3453	9.3453	9.3453	9.3453
4.3471	4.3471	4.3471	4.3471
-6.4059e-12	-9.0848e-12	-1.0376e-16	7.2934e-12
14.348	14.524	14.655	11.99
-13.177	-13.358	-13.488	-10.824
0.40002	0.40002	0.40002	0.40002
0.40002	0.40002	0.40002	0.40002
0.40002	0.40002	0.40002	0.40002
0.40002	0.40002	0.40002	0.40002
0.40315	0.40315	0.40315	0.40315
0.39199	0.39199	0.39199	0.39199
0.39199	0.39199	0.39199	0.39199
0.39199	0.39199	0.39199	0.39199
0.58075	0.58075	0.58075	0.58075
0.3567	0.3567	0.3567	0.3567
-12.308	-12.377	-12.431	0.8676
7.0204	7.0204	7.0204	7.0204
0	0	0	0
13.176	13.244	13.299	0
0	0	0	0
0.15735	0.15735	0.15735	0.15735
0.16997	0.16997	0.16997	0.16997
0	1.4845e-23	0	0
0.15735	0.15735	0.15735	0.15735
0.16997	0.16997	0.16997	0.16997
0	0	0	0
10.947	10.211	9.7667	10.949
9.9266	10.108	10.238	7.5733
0	0	0	0
0.0026156	0.73898	0.69723	0
7.4115e-14	4.952e-20	0.4856	0
0.0061498	0.00027093	0.00028669	11.904
27.405	25.437	24.008	-0.53133
13.685	11.53	9.9708	2.0308e-19
0.0004752	0.0004752	0.0004752	0.0004752
-0.0044482	3.7791e-15	-7.4729e-17	-1.7974e-13
0.0044482	0	0	0
0	0	0	0
0.62439	0.62439	0.62439	0.62439
11.627	11.627	11.627	11.627
0	0	0	0
4.5894	4.5894	4.5894	4.5894
4.5894	4.5894	4.5894	4.5894
0.010328	0.010328	0.010328	0.010328
0.0051642	0.0051642	0.0051642	0.0051642
2.046e-26	0	0	0
0	0	0	-6.1564e-27
0.010328	0.010328	0.010328	0.010328
0.1681	0.1681	0.1681	0.1681
0.1681	0.1681	0.1681	0.1681
0.1681	0.1681	0.1681	0.1681
0.1681	0.1681	0.1681	0.1681
0.1681	0.1681	0.1681	0.1681
0.1681	0.1681	0.1681	0.1681
0.1681	0.1681	0.1681	0.1681
0.1681	0.1681	0.1681	0.1681
0.1681	0.1681	0.1681	0.1681
0.1681	0.1681	0.1681	0.1681
0.45421	0.45421	0.45421	0.45421
1.9966	1.9966	1.9966	1.9966
0.45421	0.45421	0.45421	0.45421
0.45421	0.45421	0.45421	0.45421
0.45421	0.45421	0.45421	0.45421
0.45421	0.45421	0.45421	0.45421
0.45421	0.45421	0.45421	0.45421
1.5424	1.5424	1.5424	1.5424
1.5424	1.5424	1.5424	1.5424
1.5424	1.5424	1.5424	1.5424
1.5424	1.5424	1.5424	1.5424
0.80282	0.80282	0.80282	0.80282
0.80282	0.80282	0.80282	0.80282
0.80282	0.80282	0.80282	0.80282
0.80282	0.80282	0.80282	0.80282
0.80282	0.80282	0.80282	0.80282
0.80282	0.80282	0.80282	0.80282
6.4285	6.4285	6.4285	6.4285
6.4285	6.4285	6.4285	6.4285
0.52382	0.52382	0.52382	0.52382
0.52162	0.52382	0.39539	0.52382
0.002195	0	0.12843	0
0.52382	0.52382	0.52382	0.52382
0.52382	0.52382	0.52382	0.52382
0.52382	0.52382	0.52382	0.52382
0	2.7216	2.0819	5.9047
5.9047	3.1832	3.8228	0
5.9047	5.9047	5.9047	5.9047
0.16997	0.16997	0.16997	0.16997
0.16997	0.16997	0.16997	0.16997
0.16997	0.16997	0.16997	0.16997
0.16997	0.16997	0.16997	0.16997
-0.17348	-0.17348	-0.17348	-0.17348
0	0	0	1.0956e-23
0	2.8361e-27	0	6.5228e-24
1.1171e-13	1.5953e-27	1.6736e-27	-1.234e-23
0.57488	0.57488	0.57488	0.57488
0.57488	0.57488	0.57488	0.57488
0.33707	0.33707	0.33707	0.33707
0.014363	0.014363	0.014363	0.014363
0	0	0	0
0.014363	0.014363	0.014363	0.014363
0.53193	0.52469	0.5226	2.236e-06
0	0	5.2996e-23	0
1.2872e-20	0.0072378	0.0093275	0.53192
0.53193	0.52469	0.5226	2.236e-06
0	0	3.8462e-23	0
0	0.0072378	0.0093275	0.53192
0.53193	0.52469	0.5226	2.236e-06
1.0598e-26	0	1.075e-22	5.6961e-16
0.014363	0.0216	0.02369	0.54629
26.19	26.182	26.179	23.878
0	0.27301	0	23.33
25.643	25.363	25.633	0.0010538
0	0	0	0
1.7135e-11	-1.356e-10	0	0
1.4074e-11	0	1.0505e-10	0
0.25528	0.25528	0.25528	0.25528
0.25528	0.25528	0.25528	0.25528
0.25528	0.25528	0.25528	0.25528
0.61335	0.61335	0.61335	0.61335
5.7347	5.7347	5.7347	5.7347
0.085308	0.085308	0.085308	0.085308
0.085308	0.085308	0.085308	0.085308
0.085308	0.085308	0.085308	0.085308
0.085308	0.085308	0.085308	0.085308
0.085308	0.085308	0.085308	0.085308
0.085308	0.085308	0.085308	0.085308
0.2378	0.2378	0.2378	0.2378
0.73961	0.73961	0.73961	0.73961
0.010328	0.010328	0.010328	0.010328
0.010328	0.010328	0.010328	0.010328
0.010328	0.010328	0.010328	0.010328
0.010328	0.010328	0.010328	0.010328
0.010328	0.010328	0.010328	0.010328
0.010328	0.010328	0.010328	0.010328
0.010328	0.010328	0.010328	0.010328
0.010328	0.010328	0.010328	0.010328
0.17843	0.17843	0.17843	0.17843
0.17843	0.17843	0.17843	0.17843
0.0039245	0.0039245	0.0039245	0.0039245
0.0039245	0.0039245	0.0039245	0.0039245
0.0039245	0.0039245	0.0039245	0.0039245
0.17843	0.17843	0.17843	0.17843
0.17843	0.17843	0.17843	0.17843
0.011154	0.011154	0.011154	0.011154
0.011154	0.011154	0.011154	0.011154
0.011154	0.011154	0.011154	0.011154
0.011154	0.011154	0.011154	0.011154
0.011154	0.011154	0.011154	0.011154
0.0045508	0.0045508	0.0045508	0.0045508
0.34637	0.34637	0.34637	0.34637
0	0	0	0
0.0039245	0.0039245	0.0039245	0.0039245
0.011154	0.011154	0.011154	0.011154
0.002041	0.002041	0.002041	0.002041
0.003443	0.003443	0.003443	0.003443
0.002041	0.002041	0.002041	0.002041
0.0018778	0.0018778	0.0018778	0.0018778
0.0035033	0.0035033	0.0035033	0.0035033
0.0035033	0.0035033	0.0035033	0.0035033
0.0035033	0.0035033	0.0035033	0.0035033
0.0035033	0.0035033	0.0035033	0.0035033
0.0020467	0.0020467	0.0020467	0.0020467
0.17843	0.17843	0.17843	0.17843
4.0227	4.0227	4.0227	4.0227
0.003443	0.003443	0.003443	0.003443
0.002041	0.002041	0.002041	0.002041
0.0018778	0.0018778	0.0018778	0.0018778
0.0035033	0.0035033	0.0035033	0.0035033
0.0035033	0.0035033	0.0035033	0.0035033
0.32732	0.32732	0.32732	0.32732
9.3391	9.3391	9.3391	9.3391
14.596	14.596	14.596	14.596
22.162	22.155	22.153	21.63
0.010328	0.010328	0.010328	0
0	0	0	0.010328
0	0	0	0
-0.020657	-0.020657	-0.020657	-0.010328
0.020657	0.020657	0.020657	0.010328
-9.3685	-9.3724	-9.2333	0
-5.0268e-05	-0.57667	-0.68038	27.185
27.186	28.352	27.866	0
0.0039241	0	0.13912	9.3724
0	1.0331e-25	0	-1.2478e-24
0	7.9303e-26	-5.7447e-27	0
0	0.29501	0	0
0	-4.0834e-25	9.2721e-13	0
0.013195	0.013195	0.013195	0.013195
-2.6228e-26	-5.7511e-27	0	0
0.00023024	0.022231	0.15883	-6.8315
-0.00023024	-0.022231	-0.15883	6.8315
0	0	0	0
7.0204	7.0204	7.0204	7.0204
0.51225	0.55286	0.55323	-9.2144
0.34103	0.24064	0.26381	2.125
-3.2358	-3.1757	-3.1986	6.4867
0.014218	0.033631	-0.08877	1.5912e-06
-0.0044487	0.085	0.36914	0
-9.1118	-9.0463	-9.2091	0
0.019273	-0.019052	0.079617	9.7165
-0.00334	-0.1563	-0.47655	0
11.971	11.966	12.052	0
0.0089097	-0.0088919	0.055503	0
-0.0027576	0.021383	0.069543	0
0.3389	0.35456	0.37861	-6.4867
0	0	0	0
-14.343	-14.524	-14.655	-11.99
0.014363	0.014363	0.014363	0.014363
0.60307	0.6229	0.61201	1.1346
0	0	0	5.8692e-17
9.8553e-19	1.042e-12	-9.6903e-12	-1.7974e-13
0	0	0	0
0	0	0	0
25.643	25.623	25.633	23.331
0.00038837	0.012978	0	0
0	-8.1452e-27	0	0
25.658	25.657	25.657	23.878
0.011154	0.011154	0.011154	0.011154
0.58075	0.58075	0.58075	0.58075
0.16997	0.16997	0.16997	0.16997
0.011154	0.011154	0.011154	0.011154
0.011154	0.011154	0.011154	0.011154
0.011154	0.011154	0.011154	0.011154
3.38	3.38	3.38	3.38
-124.98	-124.98	-124.98	-124.98
4.5026	4.5026	4.5026	4.5026
-1.9374e-22	2.2622e-26	-2.1115e-27	-5.8446e-25
101.54	101.54	101.54	101.54
-6.097	-6.0966	-6.096	-4.3172
85.813	85.514	85.948	95.182
-40.539	-40.863	-40.92	-38.755
-6.471e-22	-9.7152e-26	0	0
-3.8326e-16	2.6667e-16	-8.3389e-16	6.7397e-17
1.6635	1.6635	1.6635	1.6635
12.036	12.217	12.347	9.6831
-0.15735	-0.15735	-0.15735	-0.15735
0	0	0	0
4.7467	4.7467	4.7467	4.7467
0	0	0	0
-3.1802	-3.1802	-3.1802	-3.1802
16.971	17.152	17.282	14.617
-13.177	-13.358	-13.488	-10.824
-3.433e-22	1.1319e-25	-9.7406e-27	0
3.4657e-26	0	4.5872e-27	0
-4.7556e-26	9.6666e-26	-1.2922e-26	-2.3017e-12
13.176	13.244	13.299	-1.5711e-18
0.0014086	0.1139	0.1894	10.824
13.177	13.358	13.488	10.824
0	0	0	0
1.1672e-15	-6.0969e-17	5.4359e-16	-5.3742e-17
-13.176	-13.244	-13.299	0
2.1233e-17	-7.1625e-17	0	2.0346e-17
-0.0014086	-0.1139	-0.1894	-10.824
0	0	4.0871e-17	-5.3741e-17
0	-3.2483e-26	-3.2746e-27	0
8.8035e-18	2.0631e-17	0	0
0	-7.9319e-17	0	-1.576e-16
9.3447e-17	8.0574e-17	-1.2272e-16	-3.1969e-16
0	0	0	0
-3.2252e-17	0	1.9113e-17	0
3.9593e-17	-4.6664e-17	1.9509e-16	-1.1331e-16
-1.0053e-16	-1.2083e-16	-4.5789e-17	-2.3729e-17
-4.7053e-26	6.7268e-26	0	0
-1.9069e-15	-9.5858e-16	-1.0315e-15	-4.0721e-17
-1.2974e-17	-1.8244e-17	0	0
-3.3215e-17	-2.8812e-17	7.3913e-17	4.4137e-17
2.3014e-17	-1.0906e-16	-3.4571e-17	-1.182e-16
0	0	0	0
0.39199	0.39199	0.39199	0.39199
0	0	0	0
0	0	0	0
7.4205	7.4205	7.4205	7.4205
0.1681	0.1681	0.1681	0.1681
0	0	0	0
0.45421	0.45421	0.45421	0.45421
0	0	0	0
0.80282	0.80282	0.80282	0.80282
0	0	0	0
0.52382	0.52382	0.52382	0.52382
0	0	0	0
0	0	0	0
0.33707	0.33707	0.33707	0.33707
0	0	0	0
0	0	0	0
0	0	0	0
1.69	1.69	1.69	1.69
5.2805	5.2805	5.2805	5.2805
0	0	0	0
0.085308	0.085308	0.085308	0.085308
0	0	0	0
0.2378	0.2378	0.2378	0.2378
0	0	0	0
0.73961	0.73961	0.73961	0.73961
0	0	0	0
-13.814	-13.814	-13.814	-13.814
1000	1000	1000	1000
104.77	104.77	104.77	104.77
81.669	81.669	81.669	81.669
0.064448	0.064448	0.064448	0.064448
9.3391	9.3391	9.3391	9.3391
3.7804	3.7804	3.7804	3.7804
0.32732	0.32732	0.32732	0.32732
0	0	0	0
120.48	120.48	120.48	120.48
0	0	0	0
0	0	0	0
0	0	0	0
0	0	0	0
0	0	0	0
0	0	0	0
0	0	0	0
0	0	0	0
0	0	0	0
0	0	0	0
0	0	0	0
0	0	0	0
0	0	0	0
0	0	0	0
0	0	0	0
0	0	0	0
0	0	0	0
0	0	0	0
0	0	0	0
0	0	0	0
0	0	0	0
0	0	0	0
0	0	0	0
0	0	0	0
0	0	0	0
0	0	0	0
0	0	0	0
0	0	0	0
0	0	0	0
0	0	0	0
0	0	0	0
0	0	0	0
0	0	0	0
0	0	0	0
0	0	0	0
0	0	0	0
0	0	0	0
0	0	0	0
0	0	0	0
0	0	0	0
0	0	0	0
0	0	0	0
0	0	0	0
0	0	0	0
0	0	0	0
0	0	0	0
0	0	0	0
0	0	0	0
0	0	0	0
0	0	0	0
0	0	0	0
0	0	0	0
0	0	0	0
0	0	0	0
0	0	0	0
0	0	0	0
0	0	0	0
0	0	0	0
0	0	0	0
0	0	0	0
0	0	0	0
0	0	0	0
0	0	0	0
0	0	0	0
0	0	0	0
0	0	0	0
0	0	0	0
0	0	0	0
0	0	0	0
0	0	0	0
0	0	0	0
0	0	0	0
0	0	0	0
0	0	0	0
0	0	0	0
0	0	0	0
0	0	0	0
0	0	0	0
0	0	0	0
0	0	0	0
0	0	0	0
0	0	0	0
0	0	0	0
0	0	0	0
0	0	0	0
0	0	0	0
0	0	0	0
0	0	0	0
0	0	0	0
0	0	0	0
0	0	0	0
0	0	0	0
0	0	0	0
0	0	0	0
0.05746	0.05746	0.05746	0.05746
