0	0	0	0
0	0	0	0
0	0	0	0
0	0	0	0
0	0	0	0
0	0	0	0
0	0	0	0
0	0	0	0
0	0	0	0
0	0	0	0
0	0	0	0
0	0	0	0
0	0	0	0
0	0	0	0
0.0091303	0.012123	0.022565	-2.3966e-17
0	0	0	0
0.0091303	0.012123	0.022565	-2.0982e-17
3.5499e-17	0.0013612	0	4.9053e-18
0	-1.0512e-09	0.023475	0
-3.6473e-17	0	0	0
0.10129	0.11987	0.25785	0
0.32894	0.30314	0.072037	0
3.7847e-18	0	0	0
0	0	0	0
0	0	0	0
0	0	0	0
0	0	0	0
0	0	0	0
-2.0136e-19	0	-9.0391e-18	0
0	0	0	0
0	0	0	0
0	0	0	0
0	0	0	0
0	0	0	0
0.032996	0.095438	0.46588	0
4.324e-15	0	-5.7178e-24	0
1.0484e-18	0	-5.8623e-18	0
0.12369	0.060721	2.3957e-16	0
1.6955e-15	0	-2.8101e-14	0
0	0	0	0
0	0	0	0
0	0	0	0
0	0	0	0
0	0	0	0
0	0	0	0
0	0	0	0
0	0	0	0
0	0	0	0
6.0673e-16	0	0	0.1852
0.70072	0	-4.8143e-16	0.1852
4.4787	-3.3038e-16	-7.1911e-16	0.1852
0	0	0	0
3.313	1.02	0.976	2.8383e-08
0	0	0	0
0	0	0	0
0	0	0	0
5.0623	6.4828	7.9553	0
4.9168	6.2353	7.9988	0
9.2118	9.2916	9.7717	0
4.6059	4.6458	4.8859	0
6.6096	6.5481	6.9516	-2.8468e-22
0	0	0	0
0	0	0	0
0	0	0	0
6.4612	2.7435	2.8201	9.5387e-24
2.7525	2.7435	2.8201	0
4.7304	2.7435	2.8201	4.8958e-09
0	0	0	0
7.4494e-15	0	0	0
0	0	0	0
0	0	0	0
0	0	0	0
0	0	0	0
0	0	0	0
0	0	0	0
0	0	0	0
0	0	0	0
0.025855	0.0090989	6.3617e-16	0
0.64929	0.6208	0.38018	-1.1222e-15
0	-9.2066e-17	0	0
3.9177e-10	0	0	0
0	0	0	0
6.9509e-17	0	0	0
4.127e-22	0	-6.1603e-21	0
0.73945	0.71333	0.45199	1.1397
0.62875	2.5457e-11	-2.9007e-11	-3.0705e-10
0	0	0	0
2.1426e-16	0	0	1.226e-10
0	0	0	0
0	0	0	0
0	0	0	2.3694e-11
0	0	0	0
0	0	0	4.7016e-25
0	0	0	4.1046e-09
0	0	0	0
0	0	0	0
0	0	0	0
0	0	0	0
0	0	0	0
0	0	0	0
0	0	0	0
0	0	0	0
0	0	0	0
0	0	0	0
7.8498e-19	-3.2553e-25	0	-2.1177e-24
2.464e-24	0	0	-1.732e-08
1.962e-19	1.0624e-24	-2.0337e-24	1.732e-08
0	0	0	-1.5098e-08
1.1513	0	0	13.556
0	0	0	0
0	0	0	0
0	0	0	0
0	0	0	-6.8479e-14
0	0	0	0
0	0	0	0
0	0	0	0
0	0	0	0
0	0	0	0
0	0	0	0
0	0	0	0
0	0	0	0
0	0	0	0
0	0	0	0
0	0	0	0
0	0	0	0
-1.7767e-17	0	0	0
0	0	0	0
0	0	0	0
1.0128e-19	0	0	0
0	0	0	0
0	0	0	0
1.0128e-19	0	0	0
0	0	0	0
0	0	0	0
0	0	0	0
0	0	0	0
0	0	0	0
2.2803	2.274	2.312	3.3512e-17
0.76723	12.969	0	4.1251e-12
2.3169	2.3147	2.2814	-0.00025486
0	0	0	0
0	0	0	0
0	-4.2912e-10	0	0
0	0	0	0
0	0	0	0
0	0	0	0
0	0	0	0
5.8688e-24	-6.3098e-19	0	-3.1034e-24
7.8702e-24	3.3125e-10	0	0
0	0	0	0
0	0	0	0
0	0	0	0
0	0	0	0
0	0	0	0
0	0	0	0
0	0	0	0
0	0	0	0
0	0	0	0
0	0	0	0
0	0	0	0
0.31535	0	0.26929	0.18111
0	0	0	0
0	0	0	0
0	0	0	0
0	0	0	0
0	0	0	0
0	0	0	0
0	0	0	0
0	0	0	0
0	0	0	0
0	0	0	0
0	0	0	0
0	0	0	0
0	0	0	0
0	0	0	0
0	0	0	0
0	0	0	0
0	0	0	0
0	0	0	0
0	0	0	0
0	0	0	0
0	0	0	0
0	0	0	0
0	0	0	0
0	0	0	0
0	0	0	0
0	0	0	0
-6.0533e-19	0	1.9564e-19	0
2.1482e-11	0	-1.7014e-18	-1.732e-08
0	0	0	0
0	0	0	0
0	0	0	0
0	0	0	2.5999
0	0	0	14.655
-3.3036e-18	3.9017e-15	-4.1995e-16	0
207.89	3.7387	4.0282	0
0	0	0	14.655
-5.6201e-23	5.4569e-16	7.9996e-18	0
147.35	3.1375	0	0
0	0	0	0
5.6516e-16	0	0.054185	0
0	0	0	0
0	0	-1.0581e-17	0
0.23571	0.29676	0.70909	0
3.036	3.0173	2.932	0
0	0	0	0
0	0	0	0
2.0764	1.2022	1.4432	0
0	0	0	0
0	0	0	0
0	0	0	0
0	0	0	0
0	0	0	0
0	0	0	0
0	0	0	0
0	0	0	0
0	0	0	0
0	0	0	0
0	0	0	0
0	0	0	0
0	0	0	0
0	0	0	0
0	0	0	0
0	0	0	0
0	0	0	0
0	0	0	0
0	0	0	-0.0021049
0	0	0	-0.0021049
0	0	0	0
0	0	0	0
0	0	0	0
0	0	0	0
0	0	0	0
0	0	0	-0.0059824
0	0	0	0
0	0	0	0
0	0	0	0
0	0	0	0
0.041137	0.047214	0	2.133
0	0	0	0
0	0	0	0
0	0	0	0
0	0	0	-0.0018466
0	0	0	0
0	0	0	0
0	0	0	0
0	0	0	0
0	0	0	0
0	0	0	0
0	0	0	0
0	0	0	0
0	0	0	0
0	0	0	0
0	0	0	0
0	0	0	0
0	0	0	0
0	0	0	0
