125	125	125	125
250	250	250	250
500	500	500	500
218.95	218.95	218.95	218.96
107.14	107.14	107.14	107.14
100.97	100.97	100.97	100.97
202.76	202.76	202.76	202.76
1.2091	1.209	1.2078	2.2179
70.932	70.921	71.052	71.146
70.596	70.596	70.379	68.001
70.596	70.596	70.379	68.001
34.194	34.194	34.194	34.194
0.081434	0.081854	0.33456	1.0395
0.081434	0.081854	0.33456	1.0395
33.532	33.532	33.532	33.532
67.726	67.726	67.726	67.726
33.257	33.257	33.257	33.257
100.98	100.98	100.98	100.98
2.9511	2.9517	2.9873	1.3148
3.0083	3.0083	3.0083	3.0083
3.0083	3.0083	3.0083	3.0083
1.491	1.491	1.491	1.491
1.5042	1.5042	1.5042	1.5042
0.013195	0.013195	0.013195	0.013195
0	3.474e-27	0	0
0.013195	0.013195	0.013195	0.013195
0	0	0	0
0	0	0	0
0	0	0	0
0	0	0	6.1582e-15
0	0	0	0
0	0	0	0
5.3095e-16	0	0	0
4.0364	4.0473	3.9161	3.8221
4.2911	4.2905	4.2549	5.9274
4.2911	4.2905	4.2549	5.9274
0	0	0	0
4.3802e-19	8.0441e-17	3.9878e-19	-8.6321e-16
4.0751	4.0746	4.0389	5.7115
4.015	4.015	4.015	4.015
4.015	4.015	4.015	4.015
0.21593	0.21593	0.21593	0.21593
0.21593	0.21593	0.21593	0.21593
-0.032583	-0.032583	-0.032583	-0.032583
0.093437	0.093437	0.093437	0.093437
0	0	0	0
0.0029195	0.0029195	0.0029195	0.0029195
0.0029195	0.0029195	0.0029195	0.0029195
1.8818	1.8818	1.8818	1.8818
1.8818	1.8818	1.8818	1.8818
0	0	0	0
3.5751	3.6395	3.7878	6.597
0	0	0	0
-9.3453	-9.3453	-9.3453	-9.3453
-9.8286	-9.8284	-9.8243	-10.061
-9.8286	-9.8284	-9.8243	-10.061
-18.718	-18.718	-18.718	-18.718
18.718	18.718	18.718	18.718
0	0	0	0
0	0	0	0
0	0	0	0
-201.55	-201.55	-201.56	-200.55
7.8268	7.8271	7.8311	7.5945
7.8268	7.8271	7.8311	7.5945
0	0	0	0
0.88814	0.88814	0.88814	0.88814
2.6272	2.6272	2.6272	2.6272
2.6272	2.6272	2.6272	2.6272
2.6272	2.6272	2.6272	2.6272
2.6272	2.6272	2.6272	2.6272
2.6272	2.6272	2.6272	2.6272
1.4754	1.4701	1.4547	1.5043
2.1223	2.1218	2.1036	0.96507
1.5264	1.5988	1.7095	1.7802
4.34e-15	1.3511e-15	0	2.6149e-12
0	0	0	2.5739e-12
7.5357e-15	8.7725e-16	-3.3226e-27	0
0.33983	0.33983	0.33983	0.33983
0	0	0	0
2.1327	2.0974	2.0399	1.3692
8.6543	8.6543	8.6543	8.6543
9.0053	9.0053	9.0053	9.0053
4.5026	4.5026	4.5026	4.5026
22.162	22.162	22.162	22.162
0.010328	0.010328	0.010328	0.010328
0.010328	0.010328	0.010328	0.010328
0	0	0	9.3482e-27
0	0	0	1.322e-26
0	0	0	0
1.69	1.69	1.69	1.69
1.69	1.69	1.69	1.69
1.69	1.69	1.69	1.69
1.69	1.69	1.69	1.69
0	0	0	0
0	3.0595e-27	-7.1562e-27	0
3.6976e-27	-3.4677e-27	-7.8128e-27	9.2707e-27
0	0	5.7403e-27	0
0	0	0	0
0	0	0	0
194.3	194.3	194.3	195.39
-194.3	-194.3	-194.3	-195.39
-33.451	-33.45	-33.197	-32.492
0.6621	0.6621	0.6621	0.6621
0.6621	0.6621	0.6621	0.6621
0.6621	0.6621	0.6621	0.6621
0.6621	0.6621	0.6621	0.6621
0.66019	0.66019	0.66019	0.66019
0.66019	0.66019	0.66019	0.66019
0.66019	0.66019	0.66019	0.66019
0.27489	0.27489	0.27489	0.27489
-6.0997	-6.0997	-6.0997	-6.0997
0	0	0	0
0	0	0	3.7706e-10
7.0448	7.046	7.0494	8.1124
1.3363	1.4248	1.6172	3.9601
0.024328	0.025517	0.028916	1.0919
10.724	10.665	10.563	10.359
0	0	0	0
3.0417e-27	2.2098e-27	-2.7159e-27	0
0.64962	0.65486	0.67026	0.62074
4.2958e-27	0	2.2123e-27	0
0.0026625	0.0032295	0.021383	1.1599
4.0073e-27	0	0	0
0	0	0	0
0	0	0	0
0	0	0	-3.7477e-27
0.2538	0.18134	0.070695	0
0.34482	0.34482	0.34482	0.34482
0.34482	0.34482	0.34482	0.34482
0.50217	0.50217	0.50217	0.50217
4.9167	4.9167	4.9167	4.9167
3.9439	3.9439	3.9439	3.9439
3.9439	3.9439	3.9439	3.9439
2.9765	2.9765	2.9765	2.9765
4.3903	4.3903	4.3903	4.3903
0	0	0	0
0.18876	0.18876	0.18876	0.18876
0.18876	0.18876	0.18876	0.18876
0.0035033	0.0035033	0.0035033	0.0035033
0.010865	0.010865	0.010865	0.010865
0	0	0	0
5.0405e-16	0	0	6.5836e-16
0	0	0	0
0	4.9616e-27	0	0
0.5264	0.59076	0.7391	3.5483
8.8127	8.7483	8.6	5.7908
9.3391	9.3391	9.3391	9.3391
0.32732	0.32732	0.32732	0.32732
0.32732	0.32732	0.32732	0.32732
0.32732	0.32732	0.32732	0.32732
0.32732	0.32732	0.32732	0.32732
9.3453	9.3453	9.3453	9.3453
4.3471	4.3471	4.3471	4.3471
-8.2515e-14	-1.6159e-16	-8.0543e-14	0
15.137	15.165	15.194	16.555
-13.946	-13.97	-14.014	-13.548
0.40002	0.40002	0.40002	0.40002
0.40002	0.40002	0.40002	0.40002
0.40002	0.40002	0.40002	0.40002
0.40002	0.40002	0.40002	0.40002
0.40315	0.40315	0.40315	0.40315
0.39199	0.39199	0.39199	0.39199
0.39199	0.39199	0.39199	0.39199
0.39199	0.39199	0.39199	0.39199
0.58075	0.58075	0.58075	0.58075
0.3567	0.3567	0.3567	0.3567
-12.112	-12.121	-12.136	-11.993
7.0204	7.0204	7.0204	7.0204
0	0	0	0
12.98	12.988	13.003	12.861
0	0	0	0
0.15735	0.15735	0.15735	0.15735
0.16997	0.16997	0.16997	0.16997
0	0	0	0
0.15735	0.15735	0.15735	0.15735
0.16997	0.16997	0.16997	0.16997
0	0	0	0
8.4034	8.4075	8.4068	6.4151
10.695	10.719	10.763	10.297
0	0	0	0
0	0	0.00029246	2.0003
2.5461	2.542	2.5424	2.5341
1.8788	1.9127	2.0375	2.8675
14.178	14.185	14.133	14.487
1.5618	1.5782	1.6075	3.2577
0.0004752	0.0004752	0.0004752	0.0004752
-0.024884	-0.029207	-0.013802	-1.8408
0.024884	0.029207	0.013802	1.8408
0	0	0	0
0.62439	0.62439	0.62439	0.62439
11.627	11.627	11.627	11.627
0	0	0	0
4.5894	4.5894	4.5894	4.5894
4.5894	4.5894	4.5894	4.5894
0.010328	0.010328	0.010328	0.010328
0.0051642	0.0051642	0.0051642	0.0051642
0	0	0	0
0	0	0	0
0.010328	0.010328	0.010328	0.010328
0.1681	0.1681	0.1681	0.1681
0.1681	0.1681	0.1681	0.1681
0.1681	0.1681	0.1681	0.1681
0.1681	0.1681	0.1681	0.1681
0.1681	0.1681	0.1681	0.1681
0.1681	0.1681	0.1681	0.1681
0.1681	0.1681	0.1681	0.1681
0.1681	0.1681	0.1681	0.1681
0.1681	0.1681	0.1681	0.1681
0.1681	0.1681	0.1681	0.1681
0.45421	0.45421	0.45421	0.45421
1.9966	1.9966	1.9966	1.9966
0.45421	0.45421	0.45421	0.45421
0.45421	0.45421	0.45421	0.45421
0.45421	0.45421	0.45421	0.45421
0.45421	0.45421	0.45421	0.45421
0.45421	0.45421	0.45421	0.45421
1.5424	1.5424	1.5424	1.5424
1.5424	1.5424	1.5424	1.5424
1.5424	1.5424	1.5424	1.5424
1.5424	1.5424	1.5424	1.5424
0.80282	0.80282	0.80282	0.80282
0.80282	0.80282	0.80282	0.80282
0.80282	0.80282	0.80282	0.80282
0.80282	0.80282	0.80282	0.80282
0.80282	0.80282	0.80282	0.80282
0.80282	0.80282	0.80282	0.80282
6.4285	6.4285	6.4285	6.4285
6.4285	6.4285	6.4285	6.4285
0.52382	0.52382	0.52382	0.52382
0.38396	0.38481	0.38342	0.52382
0.13986	0.13901	0.1404	0
0.52382	0.52382	0.52382	0.52382
0.52382	0.52382	0.52382	0.52382
0.52382	0.52382	0.52382	0.52382
5.2936	5.2934	5.2908	4.2703
0.61112	0.61135	0.61396	1.6344
5.9047	5.9047	5.9047	5.9047
0.16997	0.16997	0.16997	0.16997
0.16997	0.16997	0.16997	0.16997
0.16997	0.16997	0.16997	0.16997
0.16997	0.16997	0.16997	0.16997
-0.17348	-0.17348	-0.17348	-0.17348
0	0	1.4727e-27	0
2.0898e-27	-2.2909e-27	0	0
0	0	0	0
0.57488	0.57488	0.57488	0.57488
0.57488	0.57488	0.57488	0.57488
0.33707	0.33707	0.33707	0.33707
0.014363	0.014363	0.014363	0.014363
0	0	0	0
0.014363	0.014363	0.014363	0.014363
0.53193	0.53193	0.53193	0.53193
0	0	0	0
0	0	0	0
0.53193	0.53193	0.53193	0.53193
0	0	0	0
0	4.903e-18	4.6206e-15	1.4265e-16
0.53193	0.53193	0.53193	0.53193
0	-2.6046e-27	1.0054e-25	0
0.014363	0.014363	0.014363	0.014363
26.19	26.19	26.19	26.19
0.9951	0.97543	1.0177	0.79751
24.648	24.668	24.626	24.846
0	0	0	0
0	8.9488e-10	0	0
-7.7703e-13	0	1.9214e-10	0
0.25528	0.25528	0.25528	0.25528
0.25528	0.25528	0.25528	0.25528
0.25528	0.25528	0.25528	0.25528
0.61335	0.61335	0.61335	0.61335
5.7347	5.7347	5.7347	5.7347
0.085308	0.085308	0.085308	0.085308
0.085308	0.085308	0.085308	0.085308
0.085308	0.085308	0.085308	0.085308
0.085308	0.085308	0.085308	0.085308
0.085308	0.085308	0.085308	0.085308
0.085308	0.085308	0.085308	0.085308
0.2378	0.2378	0.2378	0.2378
0.73961	0.73961	0.73961	0.73961
0.010328	0.010328	0.010328	0.010328
0.010328	0.010328	0.010328	0.010328
0.010328	0.010328	0.010328	0.010328
0.010328	0.010328	0.010328	0.010328
0.010328	0.010328	0.010328	0.010328
0.010328	0.010328	0.010328	0.010328
0.010328	0.010328	0.010328	0.010328
0.010328	0.010328	0.010328	0.010328
0.17843	0.17843	0.17843	0.17843
0.17843	0.17843	0.17843	0.17843
0.0039245	0.0039245	0.0039245	0.0039245
0.0039245	0.0039245	0.0039245	0.0039245
0.0039245	0.0039245	0.0039245	0.0039245
0.17843	0.17843	0.17843	0.17843
0.17843	0.17843	0.17843	0.17843
0.011154	0.011154	0.011154	0.011154
0.011154	0.011154	0.011154	0.011154
0.011154	0.011154	0.011154	0.011154
0.011154	0.011154	0.011154	0.011154
0.011154	0.011154	0.011154	0.011154
0.0045508	0.0045508	0.0045508	0.0045508
0.34637	0.34637	0.34637	0.34637
0	0	0	0
0.0039245	0.0039245	0.0039245	0.0039245
0.011154	0.011154	0.011154	0.011154
0.002041	0.002041	0.002041	0.002041
0.003443	0.003443	0.003443	0.003443
0.002041	0.002041	0.002041	0.002041
0.0018778	0.0018778	0.0018778	0.0018778
0.0035033	0.0035033	0.0035033	0.0035033
0.0035033	0.0035033	0.0035033	0.0035033
0.0035033	0.0035033	0.0035033	0.0035033
0.0035033	0.0035033	0.0035033	0.0035033
0.0020467	0.0020467	0.0020467	0.0020467
0.17843	0.17843	0.17843	0.17843
4.0227	4.0227	4.0227	4.0227
0.003443	0.003443	0.003443	0.003443
0.002041	0.002041	0.002041	0.002041
0.0018778	0.0018778	0.0018778	0.0018778
0.0035033	0.0035033	0.0035033	0.0035033
0.0035033	0.0035033	0.0035033	0.0035033
0.32732	0.32732	0.32732	0.32732
9.3391	9.3391	9.3391	9.3391
14.596	14.596	14.596	14.596
22.162	22.162	22.162	22.162
0	0	0	0
0.010328	0.010328	0.010328	0.010328
0	0	0	0
-0.010328	-0.010328	-0.010328	-0.010328
0.010328	0.010328	0.010328	0.010328
-8.8892	-8.8894	-8.8935	-8.6568
27.045	27.056	26.889	28.467
0.25465	0.24317	0.33875	2.1053
0.48327	0.48304	0.47895	0.71563
-1.5466e-27	-1.5723e-27	3.8923e-27	0
0	1.2059e-26	9.0392e-27	2.0909e-26
0.057198	0.056644	0.021009	1.6935
2.9607e-27	0	0	8.9007e-27
0.013195	0.013195	0.013195	0.013195
1.6989e-15	0	0	1.9646e-16
-0.49168	-0.48733	-0.47946	-0.4163
0.49168	0.48733	0.47946	0.4163
0	0	0	0
7.0204	7.0204	7.0204	7.0204
-2.9425	-2.9735	-2.9615	-2.3014
1.058	1.1047	1.0942	-0.15478
-0.49842	-0.51407	-0.51555	0.073355
-5.7806	-5.795	-5.7715	-6.125
-1.3659	-1.3477	-1.3385	-1.4828
-0.6956	-0.67953	-0.67599	-0.70769
9.4264	9.4923	9.4671	9.3574
1.1045	1.0259	1.0235	1.3499
0.68788	0.67636	0.65996	0.90951
0.44843	0.43322	0.43839	0.19199
-0.45446	-0.44133	-0.45574	-0.52748
-0.14082	-0.13439	-0.1173	0.26401
0	0	0	0
-15.112	-15.136	-15.18	-14.714
0.014363	0.014363	0.014363	0.014363
1.3792	1.3783	1.3774	1.3746
-1.2283e-16	-2.7533e-16	4.4731e-17	0
-1.8082e-15	-6.6142e-15	-6.9324e-15	1.9355e-16
0	0	5.6188e-14	0
0	0	0	0
24.867	24.868	24.869	24.872
0.77655	0.77558	0.77466	0.7719
0	-6.5448e-27	0	0
25.658	25.658	25.658	25.658
0.011154	0.011154	0.011154	0.011154
0.58075	0.58075	0.58075	0.58075
0.16997	0.16997	0.16997	0.16997
0.011154	0.011154	0.011154	0.011154
0.011154	0.011154	0.011154	0.011154
0.011154	0.011154	0.011154	0.011154
3.38	3.38	3.38	3.38
-124.98	-124.98	-124.98	-124.98
4.5026	4.5026	4.5026	4.5026
9.2144e-28	1.853e-27	2.221e-27	-5.3729e-27
101.54	101.54	101.54	101.54
-6.0974	-6.0974	-6.0974	-6.0974
86.235	86.236	86.267	84.831
-40.698	-40.718	-40.765	-41.487
0	0	0	-1.9896e-26
0	0	0	3.8268e-26
1.6635	1.6635	1.6635	1.6635
12.805	12.829	12.873	12.407
-0.15735	-0.15735	-0.15735	-0.15735
0	0	0	0
4.7467	4.7467	4.7467	4.7467
0	0	0	0
-3.1802	-3.1802	-3.1802	-3.1802
17.739	17.763	17.807	17.341
-13.946	-13.97	-14.014	-13.548
-1.5426e-27	-1.5768e-27	0	0
0	4.3183e-27	0	0
0	2.1066e-26	-9.2192e-27	-3.7932e-26
12.98	12.988	13.003	12.861
0.96585	0.98144	1.0108	0.68699
13.946	13.97	14.014	13.548
0	0	0	0
4.827e-17	-5.858e-17	-6.6019e-17	0
-12.98	-12.988	-13.003	-12.861
-1.1499e-17	3.019e-17	-1.8472e-17	0
-0.96585	-0.98144	-1.0108	-0.68699
1.4196e-15	5.3927e-16	1.0429e-15	7.2161e-17
0	0	-2.8028e-27	0
0	2.3828e-17	2.6663e-17	0
9.5513e-17	-9.0063e-17	-5.0425e-17	6.8168e-17
1.1112e-16	-6.2777e-17	-5.1138e-17	0
0	0	0	0
-2.5929e-17	0	0	0
0	5.7626e-18	0	0
3.2861e-16	8.8683e-17	1.2537e-16	-1.8883e-16
0	0	-1.5286e-26	0
-6.7654e-18	2.8547e-15	-1.8948e-15	0
0	9.7513e-18	1.1062e-17	-1.635e-17
0	0	-2.812e-17	0
-4.1787e-17	-9.0063e-17	1.0093e-16	0
0	0	0	0
0.39199	0.39199	0.39199	0.39199
0	0	0	0
0	0	0	0
7.4205	7.4205	7.4205	7.4205
0.1681	0.1681	0.1681	0.1681
4.9582e-17	0	0	0
0.45421	0.45421	0.45421	0.45421
0	0	0	0
0.80282	0.80282	0.80282	0.80282
0	0	0	0
0.52382	0.52382	0.52382	0.52382
0	0	0	0
0	0	0	0
0.33707	0.33707	0.33707	0.33707
0	0	0	0
0	0	0	0
0	0	0	0
1.69	1.69	1.69	1.69
5.2805	5.2805	5.2805	5.2805
0	0	0	0
0.085308	0.085308	0.085308	0.085308
0	0	0	0
0.2378	0.2378	0.2378	0.2378
0	0	0	0
0.73961	0.73961	0.73961	0.73961
0	0	0	0
-13.814	-13.814	-13.814	-13.814
1000	1000	1000	1000
104.77	104.77	104.77	104.77
81.669	81.669	81.669	81.669
0.064448	0.064448	0.064448	0.064448
9.3391	9.3391	9.3391	9.3391
3.7804	3.7804	3.7804	3.7804
0.32732	0.32732	0.32732	0.32732
0	0	0	0
120.48	120.48	120.48	120.48
0	0	0	0
0	0	0	0
0	0	0	0
0	0	0	0
0	0	0	0
0	0	0	0
0	0	0	0
0	0	0	0
0	0	0	0
0	0	0	0
0	0	0	0
0	0	0	0
0	0	0	0
0	0	0	0
0	0	0	0
0	0	0	0
0	0	0	0
0	0	0	0
0	0	0	0
0	0	0	0
0	0	0	0
0	0	0	0
0	0	0	0
0	0	0	0
0	0	0	0
0	0	0	0
0	0	0	0
0	0	0	0
0	0	0	0
0	0	0	0
0	0	0	0
0	0	0	0
0	0	0	0
0	0	0	0
0	0	0	0
0	0	0	0
0	0	0	0
0	0	0	0
0	0	0	0
0	0	0	0
0	0	0	0
0	0	0	0
0	0	0	0
0	0	0	0
0	0	0	0
0	0	0	0
0	0	0	0
0	0	0	0
0	0	0	0
0	0	0	0
0	0	0	0
0	0	0	0
0	0	0	0
0	0	0	0
0	0	0	0
0	0	0	0
0	0	0	0
0	0	0	0
0	0	0	0
0	0	0	0
0	0	0	0
0	0	0	0
0	0	0	0
0	0	0	0
0	0	0	0
0	0	0	0
0	0	0	0
0	0	0	0
0	0	0	0
0	0	0	0
0	0	0	0
0	0	0	0
0	0	0	0
0	0	0	0
0	0	0	0
0	0	0	0
0	0	0	0
0	0	0	0
0	0	0	0
0	0	0	0
0	0	0	0
0	0	0	0
0	0	0	0
0	0	0	0
0	0	0	0
0	0	0	0
0	0	0	0
0	0	0	0
0	0	0	0
0	0	0	0
0	0	0	0
0	0	0	0
0	0	0	0
0	0	0	0
0.05746	0.05746	0.05746	0.05746
