"day 0"	"day 1"	"day 7"	"day 21"	"regulation"	"rankingID"	"1"
"7"	1.5493	1.5677	1.6293	-6.8551	8.5644	7	1
"9"	0.59544	1.033	0.67937	-2.0829	3.55346	9	1
"185"	1.9117	0.72106	1.2516	0	2.97278	185	1
"74"	0.017629	1.2422	1.393	0	2.768371	74	1
"102"	0.44365	0.58553	0.47679	-1.1614	1.88881	102	1
"127"	1.7622	0.53725	0.38586	0	1.7622	127	1
"252"	0.53193	0.52469	0.5226	-0.84358	1.37551	252	1
"255"	0.53193	0.52469	0.5226	-0.84358	1.37551	255	1
"258"	0.53193	0.52469	0.5226	-0.84358	1.37551	258	1
"170"	0.69895	0.76539	0.85377	-0.15301	1.1616	170	1
"181"	-0.20512	0.39891	0.31947	0	1.00294	181	1
"42"	0.039585	0.039826	0.041273	-0.10189	0.144851	42	1
"43"	0.039585	0.039826	0.041273	-0.10189	0.144851	43	1
