125	125	125	125
250	250	250	250
500	500	500	500
198.57	198.57	198.57	198.61
107.14	107.14	107.14	107.14
100.97	100.97	100.97	100.97
202.76	202.76	202.76	202.76
51.36	51.362	51.362	51.418
71.961	71.961	71.969	71.979
61.439	61.436	61.438	61.388
61.439	61.436	61.438	61.388
34.194	34.194	34.194	34.194
6.9338	6.9364	6.9373	6.9405
6.9338	6.9364	6.9373	6.9405
33.532	33.532	33.532	33.532
67.726	67.726	67.726	67.726
33.257	33.257	33.257	33.257
100.98	100.98	100.98	100.98
0.64632	0.6464	0.64891	0.60265
3.0083	3.0083	3.0083	3.0083
3.0083	3.0083	3.0083	3.0083
1.491	1.491	1.491	1.491
1.5042	1.5042	1.5042	1.5042
0.013195	0.013195	0.013195	0.013195
0	0	-3.494e-27	0
0.013195	0.013195	0.013195	0.013195
0	0	0	0
0	0	0	0
0	0	0	0
0	0	0	0
0	0	0	0
0	0	0	0
1.314e-15	0	0	0
3.0073	3.0072	2.9995	2.9897
6.5959	6.5958	6.5933	6.6395
6.5959	6.5958	6.5933	6.6395
0	0	0	0
-1.3757e-16	1.7647e-18	5.2477e-19	-1.7177e-17
6.3799	6.3799	6.3773	6.4236
4.015	4.015	4.015	4.015
4.015	4.015	4.015	4.015
0.21593	0.21593	0.21593	0.21593
0.21593	0.21593	0.21593	0.21593
-0.032583	-0.032583	-0.032583	-0.032583
0.093437	0.093437	0.093437	0.093437
0	0	0	0
0.0029195	0.0029195	0.0029195	0.0029195
0.0029195	0.0029195	0.0029195	0.0029195
1.8818	1.8818	1.8818	1.8818
1.8818	1.8818	1.8818	1.8818
0	0	0	0
9.0155	9.0152	9.0021	9.3336
0	0	0	0
-9.3453	-9.3453	-9.3453	-9.3453
-16.029	-16.029	-16.032	-16.046
-16.029	-16.029	-16.032	-16.046
-18.718	-18.718	-18.718	-18.718
18.718	18.718	18.718	18.718
0	0	0	0
0	0	0	0
0	0	0	0
-151.4	-151.4	-151.4	-151.35
1.6262	1.6265	1.6237	1.6089
1.6262	1.6265	1.6237	1.6089
0	0	0	0
0.88814	0.88814	0.88814	0.88814
2.6272	2.6272	2.6272	2.6272
2.6272	2.6272	2.6272	2.6272
2.6272	2.6272	2.6272	2.6272
2.6272	2.6272	2.6272	2.6272
2.6272	2.6272	2.6272	2.6272
0.22984	0.23007	0.23128	1.4298
1.8515	1.8506	1.8538	0.87292
1.7802	1.7802	1.7802	1.7802
1.2953e-15	0	0	0
0	6.1587e-17	0	0
0	0	0	0
0.33983	0.33983	0.33983	0.33983
0	0	0	0
3.9287	3.929	3.9261	3.0553
8.6543	8.6543	8.6543	8.6543
9.0053	9.0053	9.0053	9.0053
4.5026	4.5026	4.5026	4.5026
22.162	22.162	22.162	22.162
0.010328	0.010328	0.010328	0.010328
0.010328	0.010328	0.010328	0.010328
0	7.6365e-14	0	4.4888e-17
0	3.4611e-14	0	0
0	0	0	0
1.69	1.69	1.69	1.69
1.69	1.69	1.69	1.69
1.69	1.69	1.69	1.69
1.69	1.69	1.69	1.69
0	1.8204e-14	0	0
3.0277e-17	2.7581e-14	0	0
0	2.1747e-14	0	0
0	4.5087e-14	1.0063e-26	0
0	0	0	0
0	0	0	0
182	182	182	181.92
-182	-182	-182	-181.92
-26.598	-26.596	-26.595	-26.591
0.6621	0.6621	0.6621	0.6621
0.6621	0.6621	0.6621	0.6621
0.6621	0.6621	0.6621	0.6621
0.6621	0.6621	0.6621	0.6621
0.66019	0.66019	0.66019	0.66019
0.66019	0.66019	0.66019	0.66019
0.66019	0.66019	0.66019	0.66019
0.27489	0.27489	0.27489	0.27489
-6.0997	-6.0997	-6.0997	-6.0997
0	0	0	0
0	0	0	2.5239e-10
23.103	23.105	23.108	23.235
2.396	2.3958	2.3869	2.0414
16.083	16.085	16.088	16.215
16.901	16.901	16.894	16.7
0	0	0	0
2.9502e-15	-5.1181e-27	-4.7662e-27	0
1.8952	1.8949	1.8937	0.69522
1.3539e-16	0	0	1.7066e-26
0.2735	0.27445	0.27116	1.2521
2.8161e-16	0	0	1.6392e-26
0	0	0	0
0	0	0	0
0	0	0	0
0	0	0	0
0.34482	0.34482	0.34482	0.34482
0.34482	0.34482	0.34482	0.34482
0.50217	0.50217	0.50217	0.50217
4.9167	4.9167	4.9167	4.9167
3.9439	3.9439	3.9439	3.9439
3.9439	3.9439	3.9439	3.9439
2.9765	2.9765	2.9765	2.9765
4.3903	4.3903	4.3903	4.3903
0	0	0	0
0.18876	0.18876	0.18876	0.18876
0.18876	0.18876	0.18876	0.18876
0.0035033	0.0035033	0.0035033	0.0035033
0.010865	0.010865	0.010865	0.010865
0	0	0	0
8.3637e-27	0	0	8.3508e-27
0	0	0	0
0	0	0	0
5.9667	5.9665	5.9534	6.2848
3.3723	3.3726	3.3857	3.0542
9.3391	9.3391	9.3391	9.3391
0.32732	0.32732	0.32732	0.32732
0.32732	0.32732	0.32732	0.32732
0.32732	0.32732	0.32732	0.32732
0.32732	0.32732	0.32732	0.32732
9.3453	9.3453	9.3453	9.3453
4.3471	4.3471	4.3471	4.3471
0	0	0	0
11.229	11.226	11.203	11.874
-9.5651	-9.5652	-9.5694	-8.8924
0.40002	0.40002	0.40002	0.40002
0.40002	0.40002	0.40002	0.40002
0.40002	0.40002	0.40002	0.40002
0.40002	0.40002	0.40002	0.40002
0.40315	0.40315	0.40315	0.40315
0.39199	0.39199	0.39199	0.39199
0.39199	0.39199	0.39199	0.39199
0.39199	0.39199	0.39199	0.39199
0.58075	0.58075	0.58075	0.58075
0.3567	0.3567	0.3567	0.3567
-6.0361	-6.0361	-6.0389	-5.2842
7.0204	7.0204	7.0204	7.0204
0	0	0	0
6.9037	6.9037	6.9065	6.1518
0	0	0	0
0.15735	0.15735	0.15735	0.15735
0.16997	0.16997	0.16997	0.16997
0	0	0	0
0.15735	0.15735	0.15735	0.15735
0.16997	0.16997	0.16997	0.16997
0	0	0	0
-64.955	-64.955	-64.964	-64.879
6.3146	6.3147	6.3189	5.6419
0	0	0	0
52.984	52.986	52.993	52.948
22.92	22.918	22.921	22.881
3.2319	3.2318	3.2555	4.0526
8.447	8.447	8.468	8.7234
1.5646	1.5643	1.6047	3.3343
0.0004752	0.0004752	0.0004752	0.0004752
-0.49792	-0.49407	-0.46751	-1.815
0.49792	0.49407	0.46751	1.815
0	0	0	0
0.62439	0.62439	0.62439	0.62439
11.627	11.627	11.627	11.627
0	0	0	0
4.5894	4.5894	4.5894	4.5894
4.5894	4.5894	4.5894	4.5894
0.010328	0.010328	0.010328	0.010328
0.0051642	0.0051642	0.0051642	0.0051642
0	0	0	0
0	0	0	0
0.010328	0.010328	0.010328	0.010328
0.1681	0.1681	0.1681	0.1681
0.1681	0.1681	0.1681	0.1681
0.1681	0.1681	0.1681	0.1681
0.1681	0.1681	0.1681	0.1681
0.1681	0.1681	0.1681	0.1681
0.1681	0.1681	0.1681	0.1681
0.1681	0.1681	0.1681	0.1681
0.1681	0.1681	0.1681	0.1681
0.1681	0.1681	0.1681	0.1681
0.1681	0.1681	0.1681	0.1681
0.45421	0.45421	0.45421	0.45421
1.9966	1.9966	1.9966	1.9966
0.45421	0.45421	0.45421	0.45421
0.45421	0.45421	0.45421	0.45421
0.45421	0.45421	0.45421	0.45421
0.45421	0.45421	0.45421	0.45421
0.45421	0.45421	0.45421	0.45421
1.5424	1.5424	1.5424	1.5424
1.5424	1.5424	1.5424	1.5424
1.5424	1.5424	1.5424	1.5424
1.5424	1.5424	1.5424	1.5424
0.80282	0.80282	0.80282	0.80282
0.80282	0.80282	0.80282	0.80282
0.80282	0.80282	0.80282	0.80282
0.80282	0.80282	0.80282	0.80282
0.80282	0.80282	0.80282	0.80282
0.80282	0.80282	0.80282	0.80282
6.4285	6.4285	6.4285	6.4285
6.4285	6.4285	6.4285	6.4285
0.52382	0.52382	0.52382	0.52382
0.27481	0.27124	0.27269	0.49396
0.24901	0.25258	0.25112	0.029857
0.52382	0.52382	0.52382	0.52382
0.52382	0.52382	0.52382	0.52382
0.52382	0.52382	0.52382	0.52382
4.2617	4.2569	4.259	4.3353
1.643	1.6478	1.6457	1.5694
5.9047	5.9047	5.9047	5.9047
0.16997	0.16997	0.16997	0.16997
0.16997	0.16997	0.16997	0.16997
0.16997	0.16997	0.16997	0.16997
0.16997	0.16997	0.16997	0.16997
-0.17348	-0.17348	-0.17348	-0.17348
0	0	0	0
0	0	0	0
0	-4.5675e-16	0	0
0.57488	0.57488	0.57488	0.57488
0.57488	0.57488	0.57488	0.57488
0.33707	0.33707	0.33707	0.33707
0.014363	0.014363	0.014363	0.014363
0	0	0	0
0.014363	0.014363	0.014363	0.014363
0.53193	0.53193	0.53193	0.53193
0	1.7266e-15	0	0
0	0	0	0
0.53193	0.53193	0.53193	0.53193
9.6179e-27	0	0	9.6142e-27
0	3.9035e-15	9.7627e-14	1.1597e-16
0.53193	0.53193	0.53193	0.53193
0	0	0	0
0.014363	0.014363	0.014363	0.014363
26.19	26.19	26.19	26.19
0.29562	0.29549	0.28157	0.21992
25.348	25.348	25.362	25.424
0	0	0	0
0	0	2.2285e-10	0
1.6624e-10	1.6426e-10	0	0
0.25528	0.25528	0.25528	0.25528
0.25528	0.25528	0.25528	0.25528
0.25528	0.25528	0.25528	0.25528
0.61335	0.61335	0.61335	0.61335
5.7347	5.7347	5.7347	5.7347
0.085308	0.085308	0.085308	0.085308
0.085308	0.085308	0.085308	0.085308
0.085308	0.085308	0.085308	0.085308
0.085308	0.085308	0.085308	0.085308
0.085308	0.085308	0.085308	0.085308
0.085308	0.085308	0.085308	0.085308
0.2378	0.2378	0.2378	0.2378
0.73961	0.73961	0.73961	0.73961
0.010328	0.010328	0.010328	0.010328
0.010328	0.010328	0.010328	0.010328
0.010328	0.010328	0.010328	0.010328
0.010328	0.010328	0.010328	0.010328
0.010328	0.010328	0.010328	0.010328
0.010328	0.010328	0.010328	0.010328
0.010328	0.010328	0.010328	0.010328
0.010328	0.010328	0.010328	0.010328
0.17843	0.17843	0.17843	0.17843
0.17843	0.17843	0.17843	0.17843
0.0039245	0.0039245	0.0039245	0.0039245
0.0039245	0.0039245	0.0039245	0.0039245
0.0039245	0.0039245	0.0039245	0.0039245
0.17843	0.17843	0.17843	0.17843
0.17843	0.17843	0.17843	0.17843
0.011154	0.011154	0.011154	0.011154
0.011154	0.011154	0.011154	0.011154
0.011154	0.011154	0.011154	0.011154
0.011154	0.011154	0.011154	0.011154
0.011154	0.011154	0.011154	0.011154
0.0045508	0.0045508	0.0045508	0.0045508
0.34637	0.34637	0.34637	0.34637
0	0	0	0
0.0039245	0.0039245	0.0039245	0.0039245
0.011154	0.011154	0.011154	0.011154
0.002041	0.002041	0.002041	0.002041
0.003443	0.003443	0.003443	0.003443
0.002041	0.002041	0.002041	0.002041
0.0018778	0.0018778	0.0018778	0.0018778
0.0035033	0.0035033	0.0035033	0.0035033
0.0035033	0.0035033	0.0035033	0.0035033
0.0035033	0.0035033	0.0035033	0.0035033
0.0035033	0.0035033	0.0035033	0.0035033
0.0020467	0.0020467	0.0020467	0.0020467
0.17843	0.17843	0.17843	0.17843
4.0227	4.0227	4.0227	4.0227
0.003443	0.003443	0.003443	0.003443
0.002041	0.002041	0.002041	0.002041
0.0018778	0.0018778	0.0018778	0.0018778
0.0035033	0.0035033	0.0035033	0.0035033
0.0035033	0.0035033	0.0035033	0.0035033
0.32732	0.32732	0.32732	0.32732
9.3391	9.3391	9.3391	9.3391
14.596	14.596	14.596	14.596
22.162	22.162	22.162	22.162
0	0	0	0
0.010328	0.010328	0.010328	0.010328
0	0	0	0
-0.010328	-0.010328	-0.010328	-0.010328
0.010328	0.010328	0.010328	0.010328
-2.6886	-2.6888	-2.686	-2.6713
28.321	28.321	28.311	28.347
3.5885	3.5885	3.5938	3.6499
6.6839	6.6836	6.6864	6.7012
0	6.7872e-14	0	0
0	0	0	0
2.362	2.3619	2.3594	2.4057
0	0	0	0
0.013195	0.013195	0.013195	0.013195
1.5974e-26	5.3513e-16	0	2.3951e-26
0.69266	0.70093	0.71261	0.7938
-0.69266	-0.70093	-0.71261	-0.7938
0	0	0	0
7.0204	7.0204	7.0204	7.0204
-1.0686	-1.0688	-1.0706	-1.6515
0.44968	0.45062	0.44772	0.03391
-1.764	-1.7647	-1.7599	-0.7653
-17.901	-17.904	-17.909	-18.025
2.2392	2.237	2.2349	1.6742
2.255	2.2521	2.2512	2.1696
21.002	21.001	20.998	20.633
-2.7855	-2.7848	-2.7893	-2.5642
-2.6175	-2.6173	-2.6134	-1.7966
0.36473	0.36876	0.37752	0.24063
0.16794	0.16756	0.18038	-0.051144
0.50481	0.50944	0.49954	0.94914
0	0	0	0
-10.731	-10.732	-10.736	-10.059
0.014363	0.014363	0.014363	0.014363
7.0673	7.0667	7.0669	6.959
-7.0626e-17	0	1.2308e-17	-9.4168e-17
-4.8439e-13	-9.5421e-17	-3.6484e-16	-5.2523e-16
0	0	0	0
0	0	0	0
19.179	19.18	19.179	19.287
6.4646	6.464	6.4642	6.3563
0	0	0	0
25.658	25.658	25.658	25.658
0.011154	0.011154	0.011154	0.011154
0.58075	0.58075	0.58075	0.58075
0.16997	0.16997	0.16997	0.16997
0.011154	0.011154	0.011154	0.011154
0.011154	0.011154	0.011154	0.011154
0.011154	0.011154	0.011154	0.011154
3.38	3.38	3.38	3.38
-124.98	-124.98	-124.98	-124.98
4.5026	4.5026	4.5026	4.5026
0	2.3282e-14	-1.7362e-26	0
101.54	101.54	101.54	101.54
-6.0974	-6.0974	-6.0974	-6.0974
90.131	90.131	90.136	90.105
-35.343	-35.344	-35.346	-36.849
0	-7.2105e-14	0	0
0	0	0	0
1.6635	1.6635	1.6635	1.6635
8.4244	8.4245	8.4287	7.7517
-0.15735	-0.15735	-0.15735	-0.15735
0	0	0	0
4.7467	4.7467	4.7467	4.7467
0	0	0	0
-3.1802	-3.1802	-3.1802	-3.1802
13.359	13.359	13.363	12.686
-9.5651	-9.5652	-9.5694	-8.8924
4.4813e-17	7.348e-14	-1.4918e-15	-1.5404e-16
-1.8328e-17	-1.925e-14	2.8889e-16	0
0	4.7287e-14	-1.2466e-26	0
6.9037	6.9037	6.9065	6.1518
2.6613	2.6615	2.6629	2.7406
9.5651	9.5652	9.5694	8.8924
0	0	0	0
0	0	0	0
-6.9037	-6.9037	-6.9065	-6.1518
0	0	0	0
-2.6613	-2.6615	-2.6629	-2.7406
0	-4.9326e-17	0	0
5.8102e-16	-5.2431e-14	3.0918e-15	9.0361e-17
0	0	0	0
0	0	0	0
0	0	0	0
0	0	0	0
0	0	0	0
0	0	0	0
0	0	0	0
8.916e-17	3.9427e-14	-3.8247e-16	0
0	5.925e-17	0	0
0	0	0	0
0	0	0	0
0	0	0	0
0	0	0	0
0.39199	0.39199	0.39199	0.39199
0	0	0	0
0	0	0	0
7.4205	7.4205	7.4205	7.4205
0.1681	0.1681	0.1681	0.1681
0	0	0	0
0.45421	0.45421	0.45421	0.45421
0	0	0	0
0.80282	0.80282	0.80282	0.80282
0	0	0	0
0.52382	0.52382	0.52382	0.52382
0	0	0	0
0	0	0	0
0.33707	0.33707	0.33707	0.33707
0	0	0	0
0	0	0	0
0	0	0	0
1.69	1.69	1.69	1.69
5.2805	5.2805	5.2805	5.2805
0	0	0	0
0.085308	0.085308	0.085308	0.085308
0	0	0	0
0.2378	0.2378	0.2378	0.2378
0	0	0	0
0.73961	0.73961	0.73961	0.73961
0	0	0	0
-13.814	-13.814	-13.814	-13.814
1000	1000	1000	1000
104.77	104.77	104.77	104.77
81.669	81.669	81.669	81.669
0.064448	0.064448	0.064448	0.064448
9.3391	9.3391	9.3391	9.3391
3.7804	3.7804	3.7804	3.7804
0.32732	0.32732	0.32732	0.32732
0	0	0	0
120.48	120.48	120.48	120.48
0	0	0	0
0	0	0	0
0	0	0	0
0	0	0	0
0	0	0	0
0	0	0	0
0	0	0	0
0	0	0	0
0	0	0	0
0	0	0	0
0	0	0	0
0	0	0	0
0	0	0	0
0	0	0	0
0	0	0	0
0	0	0	0
0	0	0	0
0	0	0	0
0	0	0	0
0	0	0	0
0	0	0	0
0	0	0	0
0	0	0	0
0	0	0	0
0	0	0	0
0	0	0	0
0	0	0	0
0	0	0	0
0	0	0	0
0	0	0	0
0	0	0	0
0	0	0	0
0	0	0	0
0	0	0	0
0	0	0	0
0	0	0	0
0	0	0	0
0	0	0	0
0	0	0	0
0	0	0	0
0	0	0	0
0	0	0	0
0	0	0	0
0	0	0	0
0	0	0	0
0	0	0	0
0	0	0	0
0	0	0	0
0	0	0	0
0	0	0	0
0	0	0	0
0	0	0	0
0	0	0	0
0	0	0	0
0	0	0	0
0	0	0	0
0	0	0	0
0	0	0	0
0	0	0	0
0	0	0	0
0	0	0	0
0	0	0	0
0	0	0	0
0	0	0	0
0	0	0	0
0	0	0	0
0	0	0	0
0	0	0	0
0	0	0	0
0	0	0	0
0	0	0	0
0	0	0	0
0	0	0	0
0	0	0	0
0	0	0	0
0	0	0	0
0	0	0	0
0	0	0	0
0	0	0	0
0	0	0	0
0	0	0	0
0	0	0	0
0	0	0	0
0	0	0	0
0	0	0	0
0	0	0	0
0	0	0	0
0	0	0	0
0	0	0	0
0	0	0	0
0	0	0	0
0	0	0	0
0	0	0	0
0	0	0	0
0.05746	0.05746	0.05746	0.05746
